desc: I1 cache:         32768 B, 64 B, 8-way associative
desc: D1 cache:         32768 B, 64 B, 8-way associative
desc: LL cache:         6291456 B, 64 B, 12-way associative
cmd: ./notStaticMemConsum
events: Ir I1mr ILmr Dr D1mr DLmr Dw D1mw DLmw 
fl=/build/glibc-B9XfQf/glibc-2.28/csu/../csu/init-first.c
fn=_init
52 8 2 2 0 0 0 4 0 0
55 4 0 0 1 0 0 1 0 0
62 5 2 2 4 0 0 0 0 0
67 1 0 0 0 0 0 1 1 1
68 1 1 1 0 0 0 1 0 0
69 2 0 0 1 1 0 1 1 1
81 4 0 0 0 0 0 1 0 0
84 1 0 0 0 0 0 1 0 0
89 6 0 0 5 0 0 0 0 0
fl=/build/glibc-B9XfQf/glibc-2.28/csu/../csu/libc-start.c
fn=(below main)
137 11 1 1 0 0 0 8 0 0
141 4 0 0 1 0 0 1 0 0
237 2 0 0 0 0 0 0 0 0
238 4 0 0 0 0 0 1 0 0
260 4 1 1 2 0 0 0 0 0
263 2 0 0 0 0 0 0 0 0
264 5 0 0 4 0 0 1 0 0
268 4 1 1 2 0 0 0 0 0
283 2 0 0 0 0 0 0 0 0
295 2 0 0 0 0 0 1 0 0
296 2 0 0 0 0 0 0 0 0
301 2 0 0 1 1 0 1 0 0
302 2 0 0 1 1 0 1 0 0
305 2 1 1 0 0 0 1 0 0
308 6 0 0 5 0 0 1 0 0
342 2 0 0 0 0 0 1 0 0
fl=/build/glibc-B9XfQf/glibc-2.28/csu/../sysdeps/generic/dl-hash.h
fn=_init
43 1 0 0 0 0 0 0 0 0
44 1 0 0 0 0 0 0 0 0
45 13 0 0 4 0 0 0 0 0
48 12 0 0 0 0 0 0 0 0
62 16 1 1 0 0 0 0 0 0
67 1 0 0 0 0 0 0 0 0
fl=/build/glibc-B9XfQf/glibc-2.28/csu/../sysdeps/unix/sysv/linux/x86_64/init-first.c
fn=_init
36 7 0 0 0 0 0 3 0 0
38 4 0 0 0 0 0 1 0 0
40 3 0 0 0 0 0 0 0 0
41 2 0 0 1 0 0 0 0 0
42 1 0 0 0 0 0 1 1 1
44 3 1 1 0 0 0 1 0 0
45 2 0 0 1 0 0 0 0 0
46 1 0 0 0 0 0 1 0 0
fl=/build/glibc-B9XfQf/glibc-2.28/ctype/ctype-info.c
fn=__ctype_init
31 7 2 2 5 3 0 1 0 0
33 4 0 0 2 1 0 1 0 0
35 4 0 0 2 0 0 1 0 0
36 1 0 0 1 0 0 0 0 0
fl=/build/glibc-B9XfQf/glibc-2.28/elf/../elf/dl-runtime.c
fn=_dl_fixup
66 6 1 1 0 0 0 2 0 0
68 2 0 0 2 0 0 0 0 0
69 4 0 0 4 2 0 0 0 0
72 10 1 1 4 4 0 0 0 0
73 14 0 0 4 2 0 2 0 0
75 6 0 0 4 0 0 0 0 0
80 4 0 0 0 0 0 0 0 0
84 4 1 1 2 2 1 0 0 0
86 10 0 0 2 1 0 0 0 0
88 6 0 0 2 1 0 0 0 0
92 4 0 0 4 3 0 0 0 0
93 8 0 0 2 1 0 0 0 0
101 2 0 0 0 0 0 0 0 0
102 6 1 1 2 1 0 0 0 0
112 20 0 0 4 2 0 6 0 0
116 10 1 1 6 0 0 0 0 0
126 18 0 0 6 0 0 0 0 0
133 2 0 0 2 0 0 0 0 0
141 8 0 0 2 0 0 0 0 0
145 6 0 0 2 1 0 0 0 0
149 6 1 1 4 0 0 0 0 0
fl=/build/glibc-B9XfQf/glibc-2.28/elf/../elf/dl-sysdep.c
fn=_dl_sysdep_start
88 8 1 1 0 0 0 6 1 1
89 2 0 0 1 1 1 0 0 0
90 1 0 0 0 0 0 0 0 0
112 1 0 0 0 0 0 1 0 0
113 222 1 1 72 9 9 4 3 3
116 2 0 0 0 0 0 1 0 0
117 1 1 1 0 0 0 1 0 0
119 135 5 5 36 6 6 19 1 1
120 109 0 0 17 3 3 0 0 0
123 1 0 0 1 0 0 0 0 0
124 1 0 0 0 0 0 0 0 0
126 1 0 0 1 0 0 0 0 0
127 1 0 0 0 0 0 0 0 0
129 1 1 1 1 0 0 0 0 0
130 2 0 0 0 0 0 0 0 0
132 1 0 0 1 0 0 0 0 0
133 2 0 0 0 0 0 0 0 0
153 1 0 0 1 0 0 0 0 0
154 2 0 0 0 0 0 0 0 0
156 1 0 0 1 0 0 0 0 0
157 2 0 0 0 0 0 0 0 0
159 2 1 1 1 0 0 1 0 0
160 2 0 0 0 0 0 1 0 0
165 2 1 1 1 0 0 1 0 0
166 2 0 0 0 0 0 1 0 0
181 2 1 1 1 0 0 1 0 0
182 2 0 0 0 0 0 1 0 0
224 1 1 1 0 0 0 1 0 0
235 1 0 0 0 0 0 0 0 0
236 2 0 0 0 0 0 2 0 0
238 5 1 1 0 0 0 1 0 0
250 3 0 0 1 0 0 0 0 0
253 5 0 0 1 0 0 1 0 0
254 1 1 0 1 1 0 0 0 0
255 8 1 1 7 1 0 0 0 0
fn=_dl_sysdep_start_cleanup
260 1 1 0 1 0 0 0 0 0
fl=/build/glibc-B9XfQf/glibc-2.28/elf/../elf/dl-tls.c
fn=_dl_add_to_slotinfo
887 4 1 1 0 0 0 3 0 0
893 1 0 0 1 0 0 0 0 0
896 1 0 0 1 1 0 0 0 0
897 1 0 0 0 0 0 0 0 0
901 5 1 1 2 1 0 0 0 0
942 3 0 0 0 0 0 1 1 0
943 1 0 0 0 0 0 1 0 0
944 4 0 0 4 0 0 0 0 0
fn=_dl_allocate_tls_init
437 8 1 1 0 0 0 7 0 0
438 2 0 0 0 0 0 0 0 0
442 2 0 0 1 0 0 1 0 0
444 2 1 1 0 0 0 0 0 0
445 1 0 0 0 0 0 0 0 0
448 3 0 0 2 1 0 0 0 0
460 1 0 0 1 0 0 0 0 0
465 11 1 1 1 0 0 0 0 0
471 4 0 0 0 0 0 0 0 0
474 3 1 1 1 0 0 0 0 0
475 2 0 0 0 0 0 0 0 0
481 3 0 0 2 0 0 0 0 0
482 2 0 0 0 0 0 0 0 0
484 6 1 1 3 1 0 1 0 0
487 2 0 0 0 0 0 0 0 0
488 2 0 0 1 0 0 0 0 0
491 2 0 0 0 0 0 0 0 0
492 4 0 0 2 0 0 0 0 0
494 2 0 0 0 0 0 0 0 0
495 2 1 1 1 0 0 0 0 0
504 1 0 0 0 0 0 1 0 0
507 10 0 0 3 0 0 2 0 0
521 2 1 1 1 0 0 1 0 0
524 9 0 0 8 0 0 0 0 0
fn=_dl_allocate_tls_storage
285 2 0 0 1 0 0 0 0 0
286 3 0 0 0 0 0 1 0 0
287 2 1 1 0 0 0 0 0 0
290 1 0 0 0 0 0 1 1 1
296 2 0 0 0 0 0 1 0 0
332 3 1 1 0 0 0 3 0 0
334 1 0 0 1 0 0 0 0 0
345 1 1 1 1 0 0 0 0 0
346 2 0 0 0 0 0 1 0 0
347 3 0 0 0 0 0 0 0 0
355 4 0 0 0 0 0 0 0 0
356 1 0 0 0 0 0 0 0 0
360 297 1 1 0 0 0 289 36 36
379 1 0 0 0 0 0 1 1 1
385 5 0 0 4 0 0 0 0 0
fn=_dl_count_modids
113 2 1 1 1 0 0 0 0 0
114 2 0 0 2 0 0 0 0 0
fn=_dl_determine_tlsoffset
135 5 1 1 0 0 0 4 0 0
136 2 0 0 0 0 0 0 0 0
137 1 0 0 0 0 0 0 0 0
138 1 0 0 0 0 0 0 0 0
141 3 0 0 1 0 0 0 0 0
144 2 0 0 1 0 0 0 0 0
178 1 0 0 0 0 0 0 0 0
180 10 1 1 2 0 0 0 0 0
182 2 0 0 1 0 0 0 0 0
184 3 1 1 1 0 0 0 0 0
185 2 1 1 1 0 0 0 0 0
187 2 0 0 0 0 0 0 0 0
189 5 0 0 1 0 0 0 0 0
201 6 1 1 0 0 0 1 0 0
205 8 0 0 0 0 0 0 0 0
207 2 0 0 0 0 0 0 0 0
208 2 0 0 0 0 0 0 0 0
217 1 0 0 0 0 0 1 0 0
221 4 0 0 2 0 0 2 0 0
272 1 1 1 0 0 0 1 0 0
273 6 0 0 5 0 0 0 0 0
fn=_dl_next_tls_modid
51 4 1 1 2 0 0 0 0 0
99 1 0 0 0 0 0 1 0 0
103 1 0 0 1 0 0 0 0 0
fl=/build/glibc-B9XfQf/glibc-2.28/elf/../include/scratch_buffer.h
fn=_dl_map_object_deps
77 4 0 0 0 0 0 2 1 1
78 1 0 0 0 0 0 1 0 0
85 5 2 2 2 0 0 0 0 0
131 6 1 1 2 0 0 2 0 0
fl=/build/glibc-B9XfQf/glibc-2.28/elf/../misc/sbrk.c
fn=sbrk
32 4 1 1 0 0 0 2 0 0
40 6 1 1 2 1 1 0 0 0
44 2 0 0 0 0 0 0 0 0
60 5 0 0 3 0 0 0 0 0
fl=/build/glibc-B9XfQf/glibc-2.28/elf/../sysdeps/generic/ldsodefs.h
fn=_dl_relocate_object
109 279 0 0 93 0 0 0 0 0
fn=do_lookup_x
109 246 1 1 82 0 0 0 0 0
fl=/build/glibc-B9XfQf/glibc-2.28/elf/../sysdeps/posix/dl-fileid.h
fn=_dl_map_object_from_fd
37 12 0 0 0 0 0 2 0 0
40 2 0 0 2 0 0 0 0 0
41 4 1 1 2 0 0 2 0 0
49 14 2 2 7 1 1 0 0 0
fl=/build/glibc-B9XfQf/glibc-2.28/elf/../sysdeps/unix/sysv/linux/dl-osinfo.h
fn=dl_main
64 2 0 0 1 0 0 0 0 0
77 1 0 0 1 0 0 0 0 0
fl=/build/glibc-B9XfQf/glibc-2.28/elf/../sysdeps/unix/sysv/linux/dl-sysdep.c
fn=_dl_discover_osversion
46 4 1 1 0 0 0 3 0 0
48 3 1 1 1 0 0 0 0 0
88 5 1 1 0 0 0 1 1 1
103 1 0 0 0 0 0 0 0 0
107 1 0 0 0 0 0 0 0 0
108 1 0 0 0 0 0 0 0 0
110 12 0 0 3 1 1 0 0 0
112 6 1 1 0 0 0 0 0 0
114 16 0 0 4 0 0 0 0 0
116 1 0 0 0 0 0 0 0 0
117 2 0 0 0 0 0 0 0 0
120 3 0 0 0 0 0 0 0 0
121 3 0 0 0 0 0 0 0 0
122 3 0 0 0 0 0 0 0 0
124 13 0 0 0 0 0 0 0 0
129 2 1 1 0 0 0 0 0 0
133 5 1 1 4 0 0 0 0 0
fn=_dl_sysdep_start
36 2 0 0 0 0 0 1 0 0
fl=/build/glibc-B9XfQf/glibc-2.28/elf/../sysdeps/unix/sysv/linux/dl-vdso.c
fn=_dl_vdso_vsym
25 24 1 1 4 1 0 8 0 0
26 8 1 1 8 1 0 0 0 0
27 4 0 0 0 0 0 0 0 0
30 8 0 0 0 0 0 0 0 0
48 28 1 1 16 0 0 0 0 0
fl=/build/glibc-B9XfQf/glibc-2.28/elf/../sysdeps/unix/sysv/linux/not-errno.h
fn=_dl_important_hwcaps
28 4 2 2 0 0 0 0 0 0
fn=_dl_load_cache_lookup
28 6 0 0 0 0 0 1 0 0
32 3 1 1 1 0 0 0 0 0
fl=/build/glibc-B9XfQf/glibc-2.28/elf/../sysdeps/unix/sysv/linux/x86_64/brk.c
fn=brk
31 5 1 1 0 0 0 1 0 0
33 2 0 0 0 0 0 0 0 0
39 1 0 0 0 0 0 0 0 0
40 1 0 0 1 0 0 0 0 0
fl=/build/glibc-B9XfQf/glibc-2.28/elf/../sysdeps/x86/cpu-features.c
fn=_dl_sysdep_start
49 2 0 0 0 0 0 0 0 0
50 2 0 0 0 0 0 0 0 0
51 6 1 1 0 0 0 4 0 0
217 1 0 0 0 0 0 1 0 0
218 1 0 0 0 0 0 1 0 0
229 3 0 0 0 0 0 1 0 0
232 6 1 1 0 0 0 0 0 0
236 1 1 1 0 0 0 0 0 0
238 6 1 1 0 0 0 1 0 0
243 6 0 0 4 0 0 0 0 0
245 2 1 1 1 0 0 1 0 0
246 7 0 0 1 1 1 0 0 0
331 2 0 0 0 0 0 1 0 0
332 1 1 1 0 0 0 0 0 0
342 7 0 0 0 0 0 1 0 0
395 3 0 0 1 0 0 0 0 0
396 1 1 1 1 0 0 0 0 0
399 2 0 0 0 0 0 0 0 0
400 1 0 0 1 0 0 0 0 0
406 1 0 0 0 0 0 1 0 0
407 1 0 0 0 0 0 1 0 0
408 1 0 0 0 0 0 1 0 0
411 4 0 0 0 0 0 1 0 0
413 6 1 1 1 0 0 2 0 0
415 6 0 0 1 0 0 2 0 0
417 6 0 0 1 0 0 2 0 0
428 1 0 0 0 0 0 1 0 0
429 2 1 1 1 0 0 0 0 0
433 3 1 1 1 0 0 0 0 0
452 3 1 1 0 0 0 0 0 0
454 4 0 0 1 0 0 0 0 0
455 2 1 1 1 0 0 0 0 0
457 4 0 0 1 0 0 0 0 0
458 2 0 0 0 0 0 0 0 0
461 1 1 1 0 0 0 1 0 0
fn=get_common_indeces.constprop.1
60 2 1 1 0 0 0 1 0 0
64 4 1 1 0 0 0 0 0 0
67 5 0 0 0 0 0 3 0 0
70 1 0 0 0 0 0 1 0 0
71 4 0 0 0 0 0 1 0 0
72 4 0 0 0 0 0 1 0 0
73 4 1 1 0 0 0 1 0 0
74 3 0 0 0 0 0 1 0 0
75 2 0 0 1 0 0 0 0 0
82 2 0 0 1 0 0 0 0 0
83 7 0 0 0 0 0 4 0 0
90 3 1 1 1 0 0 0 0 0
94 2 0 0 0 0 0 0 0 0
96 4 0 0 0 0 0 0 0 0
100 2 1 1 0 0 0 0 0 0
103 4 0 0 1 1 1 1 0 0
106 2 0 0 1 0 0 0 0 0
114 3 0 0 0 0 0 1 0 0
117 2 0 0 0 0 0 0 0 0
119 3 0 0 0 0 0 1 0 0
124 3 1 1 0 0 0 0 0 0
143 2 0 0 1 0 0 0 0 0
147 4 0 0 0 0 0 0 0 0
148 2 1 1 0 0 0 0 0 0
150 1 0 0 0 0 0 0 0 0
151 1 0 0 0 0 0 0 0 0
154 2 0 0 0 0 0 1 0 0
156 1 0 0 0 0 0 1 0 0
158 3 0 0 0 0 0 0 0 0
161 2 0 0 0 0 0 0 0 0
211 3 1 1 2 0 0 0 0 0
fl=/build/glibc-B9XfQf/glibc-2.28/elf/../sysdeps/x86/dl-hwcap.h
fn=_dl_important_hwcaps
57 6 1 1 0 0 0 2 0 0
fl=/build/glibc-B9XfQf/glibc-2.28/elf/../sysdeps/x86/dl-procinfo.h
fn=_dl_load_cache_lookup
39 2 0 0 0 0 0 0 0 0
42 7 2 2 0 0 0 2 0 0
fl=/build/glibc-B9XfQf/glibc-2.28/elf/../sysdeps/x86_64/dl-machine.h
fn=_dl_fixup
242 2 0 0 0 0 0 2 0 0
fn=_dl_relocate_object
76 16 0 0 4 0 0 0 0 0
82 4 0 0 4 1 0 0 0 0
86 6 0 0 2 2 1 0 0 0
92 2 0 0 0 0 0 2 0 0
100 6 1 1 2 0 0 0 0 0
120 4 0 0 2 0 0 0 0 0
122 4 0 0 0 0 0 2 0 0
124 8 1 1 2 0 0 0 0 0
131 8 0 0 2 1 0 0 0 0
276 220 1 1 0 0 0 0 0 0
297 220 0 0 0 0 0 0 0 0
301 220 0 0 0 0 0 0 0 0
308 4436 10 10 848 80 67 638 2 0
309 862 4 4 383 0 0 0 0 0
312 300 0 0 0 0 0 0 0 0
333 660 1 1 110 3 3 0 0 0
428 51 1 1 17 0 0 0 0 0
432 68 1 1 17 1 0 0 0 0
437 51 0 0 34 3 3 0 0 0
446 51 0 0 17 0 0 17 8 8
456 279 1 1 186 12 10 93 11 6
457 93 0 0 0 0 0 0 0 0
479 12 0 0 0 0 0 4 0 0
489 9 1 1 0 0 0 3 0 0
533 3714 0 0 1238 154 154 0 0 0
538 2476 0 0 0 0 0 0 0 0
539 3714 0 0 1238 155 155 1238 236 233
549 96 0 0 48 0 0 0 0 0
553 16 0 0 0 0 0 0 0 0
556 24 0 0 8 1 0 0 0 0
557 8 0 0 8 5 4 0 0 0
574 80 0 0 80 0 0 0 0 0
576 40 0 0 0 0 0 40 0 0
577 40 0 0 0 0 0 40 2 2
fn=_dl_start
59 3 0 0 1 1 1 0 0 0
273 9 0 0 0 0 0 0 0 0
301 18 0 0 0 0 0 0 0 0
309 90 1 1 36 7 7 0 0 0
312 18 0 0 0 0 0 0 0 0
333 55 0 0 9 1 1 0 0 0
352 18 1 1 9 2 2 9 2 2
353 9 0 0 0 0 0 0 0 0
420 1 1 1 0 0 0 0 0 0
538 80 0 0 40 5 5 0 0 0
539 120 0 0 40 5 5 40 22 22
fl=/build/glibc-B9XfQf/glibc-2.28/elf/../sysdeps/x86_64/dl-trampoline.h
fn=_dl_runtime_resolve_xsave
72 2 1 1 0 0 0 2 0 0
75 2 0 0 0 0 0 0 0 0
77 2 0 0 0 0 0 0 0 0
87 2 0 0 2 1 0 0 0 0
93 2 1 1 0 0 0 2 1 0
94 2 0 0 0 0 0 2 0 0
95 2 0 0 0 0 0 2 0 0
96 2 0 0 0 0 0 2 0 0
97 2 0 0 0 0 0 2 0 0
98 2 0 0 0 0 0 2 0 0
99 2 0 0 0 0 0 2 0 0
103 2 0 0 0 0 0 0 0 0
104 2 0 0 0 0 0 0 0 0
107 2 0 0 0 0 0 2 1 0
108 2 0 0 0 0 0 2 0 0
110 2 0 0 0 0 0 2 0 0
111 2 1 1 0 0 0 2 0 0
112 2 0 0 0 0 0 2 0 0
113 2 0 0 0 0 0 2 0 0
114 2 0 0 0 0 0 2 0 0
115 2 0 0 0 0 0 2 0 0
117 2 0 0 2 0 0 66 12 0
124 2 0 0 2 0 0 0 0 0
125 2 0 0 2 0 0 0 0 0
126 2 0 0 0 0 0 2 1 0
127 2 0 0 0 0 0 0 0 0
132 2 1 1 0 0 0 0 0 0
133 2 0 0 0 0 0 0 0 0
134 2 0 0 72 0 0 0 0 0
136 2 0 0 2 0 0 0 0 0
137 2 0 0 2 0 0 0 0 0
138 2 0 0 2 0 0 0 0 0
139 2 0 0 2 0 0 0 0 0
140 2 0 0 2 0 0 0 0 0
141 2 0 0 2 0 0 0 0 0
142 2 0 0 2 0 0 0 0 0
144 2 0 0 0 0 0 0 0 0
146 2 0 0 2 0 0 0 0 0
150 2 0 0 0 0 0 0 0 0
153 2 0 0 0 0 0 0 0 0
fl=/build/glibc-B9XfQf/glibc-2.28/elf/./dl-load.h
fn=_dl_map_object_from_fd
90 16 1 1 8 0 0 0 0 0
91 6 0 0 4 0 0 2 0 0
93 16 0 0 8 0 0 0 0 0
94 5 1 1 3 0 0 0 0 0
95 6 1 1 2 0 0 0 0 0
96 4 0 0 1 0 0 0 0 0
98 4 0 0 0 0 0 1 0 0
fl=/build/glibc-B9XfQf/glibc-2.28/elf/./dl-map-segments.h
fn=_dl_map_object_from_fd
50 4 0 0 2 0 0 0 0 0
56 16 1 1 6 0 0 6 0 0
60 4 0 0 0 0 0 0 0 0
63 6 0 0 2 0 0 2 0 0
64 4 0 0 0 0 0 2 0 0
66 4 0 0 2 0 0 0 0 0
73 12 0 0 4 0 0 1 0 0
80 4 1 1 4 0 0 0 0 0
90 40 1 1 8 0 0 0 0 0
92 36 0 0 18 0 0 6 0 0
94 60 1 1 18 0 0 6 0 0
104 32 0 0 16 0 0 0 0 0
110 4 0 0 2 0 0 0 0 0
111 2 0 0 0 0 0 0 0 0
112 6 0 0 2 0 0 0 0 0
113 4 0 0 0 0 0 0 0 0
115 4 0 0 0 0 0 0 0 0
120 4 0 0 0 0 0 0 0 0
123 4 1 1 2 0 0 0 0 0
131 14 1 1 0 0 0 6 0 0
132 6 0 0 4 0 0 0 0 0
137 4 0 0 0 0 0 0 0 0
141 8 1 1 1 0 0 1 0 0
144 2 0 0 0 0 0 0 0 0
149 8 1 1 0 0 0 0 0 0
fl=/build/glibc-B9XfQf/glibc-2.28/elf/dl-addr.c
fn=_dl_addr
30 5 1 1 3 0 0 2 0 0
34 2 0 0 1 0 0 0 0 0
38 1 0 0 1 0 0 0 0 0
39 1 0 0 1 0 0 0 0 0
40 3 0 0 2 0 0 1 0 0
42 3 0 0 2 0 0 1 0 0
44 1013 0 0 0 0 0 0 0 0
45 2 0 0 1 1 0 0 0 0
49 3039 1 1 2 0 0 0 0 0
51 1011 0 0 1011 61 24 0 0 0
52 2022 0 0 0 0 0 0 0 0
54 3680 1 1 920 0 0 0 0 0
60 11720 1 1 2344 505 461 0 0 0
62 7003 1 1 0 0 0 0 0 0
63 9260 0 0 2315 0 0 0 0 0
64 16616 1 1 5256 367 339 0 0 0
69 2344 0 0 0 0 0 0 0 0
71 8456 0 0 2344 142 88 0 0 0
101 2 0 0 0 0 0 0 0 0
102 1 0 0 0 0 0 1 1 0
103 3 0 0 1 1 0 0 0 0
106 2 0 0 0 0 0 0 0 0
118 3 1 1 0 0 0 1 0 0
127 11 1 1 0 0 0 7 1 1
129 1 0 0 0 0 0 0 0 0
132 3 1 1 2 1 0 1 0 0
134 2 0 0 0 0 0 1 0 0
136 3 0 0 0 0 0 0 0 0
139 1 0 0 0 0 0 0 0 0
142 2 1 1 1 1 0 1 0 0
145 9 0 0 7 1 0 0 0 0
fl=/build/glibc-B9XfQf/glibc-2.28/elf/dl-cache.c
fn=_dl_cache_libcmp
142 66 1 1 8 4 4 0 0 0
144 108 0 0 0 0 0 0 0 0
146 4 0 0 0 0 0 0 0 0
152 8 1 1 0 0 0 0 0 0
153 6 0 0 0 0 0 0 0 0
154 8 0 0 2 0 0 0 0 0
156 8 0 0 2 0 0 0 0 0
158 4 0 0 0 0 0 0 0 0
164 50 0 0 0 0 0 0 0 0
166 50 1 1 0 0 0 0 0 0
167 6 1 1 2 0 0 0 0 0
170 23 0 0 0 0 0 0 0 0
171 69 0 0 46 0 0 0 0 0
174 6 0 0 2 0 0 0 0 0
fn=_dl_load_cache_lookup
187 9 1 1 0 0 0 6 0 0
195 2 0 0 1 0 0 0 0 0
198 3 0 0 1 0 0 0 0 0
201 5 1 1 0 0 0 1 1 1
209 5 0 0 1 0 0 0 0 0
210 7 2 2 3 1 1 0 0 0
214 1 0 0 0 0 0 1 0 0
217 4 0 0 1 0 0 0 0 0
220 2 1 1 0 0 0 1 0 0
221 3 0 0 0 0 0 0 0 0
222 8 0 0 3 1 1 0 0 0
249 4 1 1 1 0 0 0 0 0
258 3 0 0 0 0 0 2 1 1
260 1 0 0 1 0 0 0 0 0
262 1 0 0 0 0 0 0 0 0
264 6 1 1 1 0 0 2 0 0
266 4 0 0 0 0 0 1 0 0
270 14 0 0 4 0 0 4 0 0
271 2 0 0 0 0 0 0 0 0
285 120 8 8 27 3 3 11 0 0
301 2 1 1 1 0 0 0 0 0
305 2 0 0 1 0 0 0 0 0
313 9 0 0 1 0 0 1 0 0
314 3 0 0 0 0 0 1 0 0
315 2 0 0 0 0 0 1 0 0
316 9 1 1 7 0 0 0 0 0
fn=_dl_unload_cache
325 1 0 0 0 0 0 0 0 0
326 4 2 2 1 1 0 0 0 0
328 2 0 0 1 0 0 1 0 0
329 1 0 0 0 0 0 1 0 0
331 2 0 0 1 0 0 0 0 0
fl=/build/glibc-B9XfQf/glibc-2.28/elf/dl-debug.c
fn=_dl_debug_initialize
49 8 1 1 0 0 0 0 0 0
50 4 1 1 4 0 0 0 0 0
54 14 0 0 4 2 1 0 0 0
57 1 0 0 0 0 0 1 0 0
58 6 0 0 3 0 0 1 0 0
59 5 1 1 1 0 0 1 0 0
60 2 0 0 0 0 0 1 0 0
64 1 0 0 1 0 0 0 0 0
fn=_dl_debug_state
74 2 0 0 2 0 0 0 0 0
fl=/build/glibc-B9XfQf/glibc-2.28/elf/dl-deps.c
fn=_dl_map_object_deps
144 4 0 0 0 0 0 2 0 0
145 6 1 1 2 0 0 4 1 1
146 6 0 0 0 0 0 1 0 0
148 3 0 0 0 0 0 1 0 0
152 9 0 0 2 0 0 3 1 1
159 11 2 2 0 0 0 9 2 2
160 9 0 0 0 0 0 0 0 0
176 10 2 2 1 0 0 1 0 0
177 1 0 0 1 0 0 0 0 0
180 1 0 0 0 0 0 1 0 0
198 2 0 0 1 0 0 1 0 0
199 2 0 0 0 0 0 1 0 0
200 2 1 1 0 0 0 2 0 0
206 4 0 0 0 0 0 4 0 0
209 4 0 0 0 0 0 4 0 0
213 12 1 1 4 0 0 0 0 0
214 25 1 1 11 0 0 0 0 0
217 6 0 0 0 0 0 0 0 0
221 4 0 0 2 0 0 0 0 0
224 16 0 0 8 0 0 0 0 0
226 6 1 1 4 0 0 2 0 0
231 2 0 0 0 0 0 2 0 0
232 2 0 0 0 0 0 2 0 0
233 4 0 0 2 0 0 2 0 0
234 4 1 1 2 0 0 2 0 0
237 218 0 0 57 0 0 2 0 0
238 102 1 1 0 0 0 0 0 0
244 18 0 0 4 0 0 2 1 1
246 2 0 0 0 0 0 2 0 0
248 8 1 1 4 0 0 2 0 0
249 4 1 1 2 0 0 0 0 0
258 2 0 0 2 0 0 0 0 0
260 4 0 0 2 0 0 0 0 0
265 6 0 0 0 0 0 0 0 0
268 2 0 0 0 0 0 2 0 0
269 2 0 0 0 0 0 2 0 0
270 2 1 1 0 0 0 2 0 0
271 4 0 0 2 0 0 2 0 0
273 2 0 0 2 0 0 0 0 0
275 10 0 0 2 0 0 4 0 0
279 4 0 0 0 0 0 0 0 0
280 4 0 0 1 0 0 2 0 0
282 147 1 1 0 0 0 0 0 0
287 1 0 0 0 0 0 1 0 0
303 7 0 0 0 0 0 3 0 0
380 6 1 1 0 0 0 3 0 0
433 8 0 0 0 0 0 0 0 0
435 6 1 1 2 0 0 2 0 0
438 8 0 0 0 0 0 2 0 0
439 4 0 0 0 0 0 0 0 0
445 2 0 0 0 0 0 2 0 0
446 10 0 0 0 0 0 2 0 0
447 12 0 0 2 0 0 2 0 0
450 2 0 0 0 0 0 2 0 0
451 2 0 0 2 0 0 0 0 0
455 25 1 1 14 0 0 0 0 0
457 4 1 1 4 0 0 0 0 0
458 18 1 1 4 0 0 0 0 0
464 6 0 0 2 0 0 0 0 0
465 2 0 0 0 0 0 1 0 0
468 5 1 1 2 0 0 1 0 0
479 5 0 0 1 0 0 1 0 0
481 2 1 1 0 0 0 0 0 0
486 6 0 0 3 0 0 1 0 0
487 1 0 0 0 0 0 1 0 0
489 20 0 0 4 0 0 0 0 0
491 4 1 1 4 0 0 0 0 0
495 8 0 0 0 0 0 4 1 1
499 8 0 0 8 0 0 0 0 0
502 2 0 0 1 0 0 0 0 0
553 3 0 0 2 0 0 0 0 0
554 1 0 0 0 0 0 0 0 0
555 3 1 1 1 0 0 0 0 0
590 6 1 1 0 0 0 2 0 0
594 5 1 1 0 0 0 1 0 0
597 1 0 0 0 0 0 1 0 0
599 2 0 0 1 0 0 1 0 0
600 1 0 0 1 0 0 0 0 0
601 3 0 0 1 0 0 0 0 0
608 3 1 1 1 0 0 0 0 0
611 3 0 0 1 0 0 0 0 0
614 8 0 0 7 0 0 0 0 0
fn=openaux
61 4 1 1 0 0 0 2 0 0
64 20 0 0 8 0 0 4 0 0
65 4 0 0 2 0 0 0 0 0
68 2 0 0 2 0 0 0 0 0
69 4 0 0 4 0 0 0 0 0
fl=/build/glibc-B9XfQf/glibc-2.28/elf/dl-environ.c
fn=_dl_next_ld_env_entry
29 2 1 1 2 0 0 0 0 0
32 214 0 0 71 0 0 0 0 0
34 140 0 0 70 0 0 0 0 0
35 34 0 0 17 0 0 0 0 0
37 1 0 0 0 0 0 0 0 0
40 2 1 1 0 0 0 1 0 0
42 1 0 0 1 0 0 0 0 0
45 69 0 0 0 0 0 0 0 0
49 1 0 0 1 0 0 0 0 0
fl=/build/glibc-B9XfQf/glibc-2.28/elf/dl-error-skeleton.c
fn=_dl_catch_error
213 7 1 1 0 0 0 3 0 0
215 4 0 0 0 0 0 1 0 0
216 2 1 1 1 0 0 1 0 0
217 2 0 0 1 0 0 1 0 0
218 2 0 0 1 0 0 1 0 0
220 5 0 0 4 0 0 0 0 0
fn=_dl_catch_exception
175 12 1 1 0 0 0 9 0 0
187 6 0 0 0 0 0 6 3 3
188 6 0 0 0 0 0 3 0 0
190 6 1 1 3 0 0 3 0 0
191 6 0 0 0 0 0 3 0 0
194 18 0 0 0 0 0 3 0 0
196 9 0 0 6 0 0 3 0 0
197 6 0 0 3 0 0 3 0 0
198 12 0 0 3 0 0 6 0 0
207 12 0 0 6 0 0 0 0 0
fn=_dl_receive_error
226 3 0 0 0 0 0 2 0 0
227 1 0 0 1 0 0 0 0 0
228 1 1 1 1 0 0 0 0 0
231 1 0 0 0 0 0 1 0 0
232 1 0 0 0 0 0 1 0 0
234 2 0 0 0 0 0 1 0 0
236 1 0 0 0 0 0 1 0 0
237 1 0 0 0 0 0 1 0 0
238 4 0 0 3 0 0 0 0 0
fl=/build/glibc-B9XfQf/glibc-2.28/elf/dl-fini.c
fn=_dl_fini
30 8 1 1 0 0 0 6 0 0
47 6 1 1 0 0 0 1 0 0
50 7 0 0 1 0 0 0 0 0
53 2 0 0 1 0 0 1 0 0
55 1 1 1 1 1 0 0 0 0
58 2 0 0 0 0 0 0 0 0
60 6 0 0 3 0 0 0 0 0
65 1 0 0 0 0 0 1 0 0
68 6 0 0 0 0 0 0 0 0
73 14 0 0 4 0 0 0 0 0
75 8 1 1 4 0 0 0 0 0
77 8 0 0 0 0 0 0 0 0
79 8 0 0 0 0 0 4 0 0
80 4 0 0 0 0 0 4 3 0
81 4 0 0 0 0 0 0 0 0
85 4 0 0 4 0 0 0 0 0
87 6 1 1 0 0 0 0 0 0
88 4 0 0 0 0 0 0 0 0
94 10 2 2 0 0 0 1 0 0
104 2 0 0 1 0 0 1 0 0
109 16 0 0 5 0 0 1 0 0
111 4 0 0 4 0 0 0 0 0
113 12 0 0 4 0 0 0 0 0
116 8 1 1 0 0 0 4 0 0
119 12 0 0 4 4 0 0 0 0
120 6 0 0 2 2 0 0 0 0
123 4 0 0 2 0 0 0 0 0
134 8 0 0 4 2 0 2 0 0
135 2 0 0 2 0 0 0 0 0
136 4 0 0 2 0 0 0 0 0
137 14 1 1 4 1 0 0 0 0
138 4 0 0 2 2 0 2 0 0
142 4 0 0 0 0 0 0 0 0
143 6 0 0 4 0 0 2 0 0
149 24 1 1 8 1 0 0 0 0
165 8 0 0 4 0 0 0 0 0
171 6 1 1 2 0 0 0 0 0
177 2 0 0 1 0 0 0 0 0
184 8 0 0 7 0 0 0 0 0
fl=/build/glibc-B9XfQf/glibc-2.28/elf/dl-hwcaps.c
fn=_dl_important_hwcaps
42 13 1 1 0 0 0 10 2 2
43 8 1 1 1 0 0 3 0 0
46 3 0 0 0 0 0 0 0 0
55 18 1 1 1 0 0 0 0 0
56 6 0 0 0 0 0 0 0 0
57 4 0 0 0 0 0 0 0 0
63 2 0 0 0 0 0 0 0 0
64 1 1 1 0 0 0 0 0 0
65 3 0 0 1 0 0 0 0 0
129 1 0 0 0 0 0 0 0 0
131 4 0 0 0 0 0 0 0 0
146 7 1 1 0 0 0 0 0 0
147 2 0 0 0 0 0 0 0 0
149 2 0 0 0 0 0 0 0 0
166 1 0 0 0 0 0 0 0 0
183 19 3 3 2 0 0 1 0 0
184 10 0 0 2 0 0 2 1 1
186 1 0 0 0 0 0 1 1 1
187 2 0 0 0 0 0 2 0 0
188 8 0 0 1 0 0 0 0 0
191 3 0 0 1 0 0 0 0 0
193 1 0 0 0 0 0 1 0 0
194 2 0 0 1 0 0 1 0 0
195 4 1 1 0 0 0 0 0 0
198 2 0 0 0 0 0 1 0 0
199 1 0 0 0 0 0 1 0 0
202 2 0 0 0 0 0 0 0 0
205 5 0 0 1 0 0 1 0 0
209 7 1 1 1 0 0 2 0 0
210 2 0 0 0 0 0 0 0 0
212 2 0 0 0 0 0 0 0 0
213 8 1 1 0 0 0 0 0 0
214 3 1 1 1 0 0 0 0 0
215 4 1 1 0 0 0 0 0 0
222 3 0 0 0 0 0 0 0 0
228 11 2 2 1 0 0 5 0 0
229 5 0 0 0 0 0 1 0 0
230 5 0 0 2 0 0 0 0 0
259 12 1 1 1 0 0 4 1 1
262 4 0 0 0 0 0 2 0 0
269 2 0 0 2 0 0 0 0 0
272 2 0 0 0 0 0 0 0 0
275 10 0 0 4 0 0 4 0 0
278 11 0 0 1 0 0 0 0 0
279 20 2 2 0 0 0 3 0 0
280 7 0 0 2 0 0 2 0 0
283 10 1 1 4 0 0 4 0 0
285 6 0 0 2 0 0 0 0 0
290 28 0 0 2 0 0 0 0 0
291 24 1 1 0 0 0 8 0 0
295 21 0 0 0 0 0 0 0 0
298 27 0 0 0 0 0 0 0 0
299 96 1 1 0 0 0 0 0 0
300 48 0 0 24 0 0 12 0 0
302 6 0 0 0 0 0 0 0 0
305 3 0 0 1 0 0 0 0 0
306 2 0 0 0 0 0 0 0 0
307 15 2 2 1 0 0 0 0 0
309 6 0 0 0 0 0 0 0 0
310 2 0 0 2 0 0 0 0 0
312 1 1 1 1 0 0 0 0 0
313 4 0 0 0 0 0 2 0 0
320 19 0 0 6 0 0 4 0 0
321 4 0 0 0 0 0 0 0 0
323 8 0 0 0 0 0 0 0 0
326 3 0 0 2 0 0 1 0 0
328 1 0 0 0 0 0 0 0 0
329 9 0 0 7 0 0 0 0 0
fl=/build/glibc-B9XfQf/glibc-2.28/elf/dl-init.c
fn=_dl_init
30 27 2 2 5 0 0 4 0 0
79 11 1 1 0 0 0 6 0 0
80 1 0 0 1 1 0 0 0 0
81 1 0 0 1 0 0 0 0 0
84 3 1 1 1 0 0 0 0 0
87 2 1 1 0 0 0 1 0 0
92 2 0 0 0 0 0 0 0 0
117 1 0 0 1 0 0 0 0 0
118 13 0 0 0 0 0 0 0 0
119 8 0 0 8 0 0 0 0 0
125 8 0 0 7 0 0 0 0 0
fn=call_init.part.0
28 24 0 0 0 0 0 15 0 0
36 12 2 2 4 0 0 4 0 0
39 16 0 0 8 1 0 0 0 0
40 3 1 1 1 0 0 0 0 0
44 12 0 0 3 2 0 0 0 0
45 3 0 0 1 0 0 0 0 0
49 4 0 0 2 0 0 0 0 0
58 14 1 1 6 2 0 2 0 0
62 4 0 0 0 0 0 0 0 0
68 6 0 0 4 1 0 0 0 0
70 4 0 0 4 0 0 0 0 0
71 16 0 0 0 0 0 0 0 0
72 15 1 1 3 0 0 3 0 0
74 18 0 0 18 0 0 0 0 0
fl=/build/glibc-B9XfQf/glibc-2.28/elf/dl-load.c
fn=_dl_dst_count
231 15 1 1 0 0 0 15 2 2
234 6 0 0 0 0 0 3 0 0
237 6 0 0 0 0 0 0 0 0
238 3 0 0 0 0 0 0 0 0
257 21 0 0 18 0 0 0 0 0
fn=_dl_init_paths
681 9 2 2 0 0 0 7 0 0
694 6 0 0 2 0 0 2 0 0
698 1 0 0 0 0 0 1 0 0
699 2 0 0 0 0 0 1 0 0
700 2 0 0 0 0 0 0 0 0
707 4 0 0 0 0 0 0 0 0
708 5 1 1 1 0 0 1 0 0
711 6 0 0 0 0 0 2 0 0
713 2 1 1 0 0 0 0 0 0
719 1 0 0 0 0 0 1 0 0
720 1 0 0 0 0 0 1 0 0
728 11 0 0 0 0 0 3 0 0
730 8 0 0 0 0 0 4 1 1
731 4 0 0 0 0 0 4 1 1
733 5 0 0 0 0 0 4 0 0
734 7 0 0 3 1 1 4 1 1
735 7 0 0 0 0 0 0 0 0
738 6 1 1 3 1 1 0 0 0
739 24 0 0 4 0 0 4 0 0
742 26 2 2 6 0 0 6 0 0
748 1 0 0 0 0 0 1 0 0
749 1 1 1 0 0 0 1 0 0
753 1 0 0 1 0 0 0 0 0
754 2 0 0 0 0 0 0 0 0
756 4 0 0 1 0 0 0 0 0
758 3 0 0 1 0 0 0 0 0
775 2 0 0 0 0 0 1 0 0
777 3 1 1 1 0 0 0 0 0
791 2 1 1 0 0 0 1 0 0
796 3 1 1 1 0 0 0 0 0
827 1 0 0 0 0 0 1 0 0
828 8 0 0 7 0 0 0 0 0
fn=_dl_map_object
659 9 3 3 3 0 0 0 0 0
669 3 1 1 1 0 0 0 0 0
2158 27 2 2 0 0 0 24 3 3
2160 2 0 0 0 0 0 2 0 0
2166 6 0 0 0 0 0 0 0 0
2167 12 0 0 3 1 1 0 0 0
2170 42 1 1 9 0 0 0 0 0
2175 49 0 0 7 0 0 0 0 0
2177 35 0 0 0 0 0 7 1 1
2181 12 1 1 6 0 0 0 0 0
2182 18 0 0 6 0 0 0 0 0
2185 2 0 0 2 0 0 0 0 0
2186 4 0 0 4 0 0 0 0 0
2187 8 0 0 0 0 0 2 0 0
2203 12 1 1 2 0 0 2 0 0
2213 6 1 1 2 0 0 0 0 0
2247 2 0 0 0 0 0 2 2 2
2249 10 0 0 0 0 0 2 0 0
2253 4 2 2 0 0 0 2 0 0
2255 2 0 0 1 0 0 0 0 0
2262 4 0 0 1 0 0 0 0 0
2266 4 1 1 1 0 0 1 0 0
2267 2 0 0 0 0 0 1 0 0
2271 3 0 0 1 0 0 0 0 0
2272 1 0 0 0 0 0 0 0 0
2274 7 1 1 0 0 0 3 0 0
2287 10 0 0 3 0 0 1 0 0
2288 2 0 0 1 0 0 0 0 0
2297 2 1 1 1 0 0 0 0 0
2304 2 1 1 0 0 0 0 0 0
2305 1 0 0 0 0 0 0 0 0
2313 1 0 0 0 0 0 1 0 0
2327 2 1 1 0 0 0 0 0 0
2329 3 0 0 1 0 0 0 0 0
2333 3 0 0 0 0 0 1 0 0
2335 2 0 0 0 0 0 0 0 0
2339 2 0 0 0 0 0 0 0 0
2347 3 1 1 1 0 0 0 0 0
2370 9 0 0 0 0 0 2 0 0
2374 3 0 0 1 0 0 0 0 0
2375 2 1 1 0 0 0 1 0 0
2392 2 1 1 1 0 0 0 0 0
2398 1 1 1 0 0 0 1 0 0
2399 3 0 0 0 0 0 1 0 0
2400 2 0 0 0 0 0 0 0 0
2401 3 0 0 0 0 0 0 0 0
2405 7 0 0 0 0 0 1 0 0
2408 2 0 0 0 0 0 0 0 0
2420 8 0 0 2 0 0 0 0 0
2422 4 0 0 0 0 0 0 0 0
2466 4 1 1 2 0 0 2 0 0
2467 30 1 1 6 0 0 10 0 0
2469 27 0 0 21 0 0 0 0 0
fn=_dl_map_object_from_fd
866 30 2 2 0 0 0 22 2 2
876 8 0 0 2 0 0 4 1 1
877 2 0 0 0 0 0 2 1 1
892 31 0 0 11 0 0 0 0 0
893 10 0 0 5 0 0 0 0 0
910 4 1 1 2 0 0 0 0 0
934 8 0 0 2 0 0 2 0 0
944 4 0 0 2 0 0 0 0 0
966 8 1 1 4 0 0 0 0 0
998 4 0 0 0 0 0 0 0 0
1001 16 0 0 10 0 0 2 0 0
1002 4 1 1 0 0 0 0 0 0
1013 6 0 0 4 0 0 2 2 2
1014 8 0 0 4 0 0 4 0 0
1015 4 0 0 2 0 0 2 0 0
1017 6 1 1 0 0 0 0 0 0
1018 8 0 0 4 0 0 0 0 0
1019 2 0 0 0 0 0 0 0 0
1034 6 0 0 0 0 0 4 0 0
1036 2 0 0 0 0 0 2 0 0
1038 16 1 1 0 0 0 4 0 0
1039 2 0 0 0 0 0 0 0 0
1040 2 0 0 0 0 0 2 0 0
1046 132 0 0 0 0 0 0 0 0
1047 119 1 1 21 2 2 0 0 0
1053 4 0 0 2 0 0 0 0 0
1058 4 0 0 2 0 0 2 0 0
1059 8 0 0 2 0 0 2 0 0
1064 2 0 0 1 0 0 1 0 0
1065 1 0 0 0 0 0 0 0 0
1070 40 1 1 16 0 0 0 0 0
1075 56 0 0 16 0 0 0 0 0
1083 24 2 2 0 0 0 0 0 0
1084 40 0 0 0 0 0 8 4 4
1085 88 0 0 24 0 0 16 0 0
1086 8 0 0 0 0 0 8 2 2
1088 16 1 1 0 0 0 8 2 2
1092 16 0 0 0 0 0 0 0 0
1093 36 0 0 18 0 0 6 0 0
1097 16 0 0 0 0 0 0 0 0
1098 56 0 0 8 0 0 8 0 0
1108 8 0 0 0 0 0 0 0 0
1111 3 1 1 1 0 0 0 0 0
1115 1 0 0 0 0 0 1 1 1
1116 2 0 0 1 0 0 1 0 0
1117 3 0 0 1 0 0 0 0 0
1118 1 0 0 0 0 0 0 0 0
1120 3 0 0 0 0 0 1 1 1
1121 2 0 0 1 0 0 1 0 0
1124 1 0 0 0 0 0 1 0 0
1128 4 0 0 1 0 0 0 0 0
1134 2 0 0 0 0 0 2 0 0
1135 2 0 0 1 0 0 0 0 0
1143 40 0 0 2 0 0 2 0 0
1150 4 1 1 2 0 0 2 0 0
1151 4 0 0 2 0 0 0 0 0
1154 8 1 1 4 0 0 2 1 1
1156 2 0 0 0 0 0 0 0 0
1167 4 1 1 0 0 0 0 0 0
1176 4 0 0 0 0 0 0 0 0
1186 18 1 1 8 0 0 2 0 0
1198 8 1 1 4 0 0 0 0 0
1207 6 0 0 2 0 0 2 0 0
1214 4 1 1 0 0 0 0 0 0
1229 6 0 0 2 0 0 0 0 0
1248 4 0 0 2 0 0 2 0 0
1250 10 1 1 4 0 0 0 0 0
1298 6 0 0 2 1 1 0 0 0
1299 2 0 0 1 0 0 1 0 0
1302 8 0 0 2 0 0 2 0 0
1311 4 0 0 2 0 0 0 0 0
1313 8 1 1 4 0 0 2 0 0
1315 4 0 0 2 0 0 0 0 0
1331 4 0 0 0 0 0 2 0 0
1335 4 0 0 2 0 0 0 0 0
1336 4 0 0 2 0 0 0 0 0
1353 4 0 0 2 0 0 0 0 0
1354 1 1 1 0 0 0 1 0 0
1357 8 0 0 4 0 0 4 0 0
1362 4 0 0 2 0 0 0 0 0
1372 4 0 0 2 0 0 0 0 0
1382 6 1 1 2 0 0 2 0 0
1386 6 0 0 2 0 0 0 0 0
1406 18 0 0 14 0 0 0 0 0
fn=expand_dynamic_string_token
378 7 2 2 0 0 0 4 0 0
388 2 0 0 0 0 0 1 0 0
391 2 0 0 0 0 0 0 0 0
392 2 0 0 0 0 0 0 0 0
403 5 0 0 4 0 0 0 0 0
fn=open_verify.constprop.11
1658 12 1 1 0 0 0 7 0 0
1697 3 0 0 1 0 0 0 0 0
1728 5 1 1 1 0 0 2 0 0
1730 2 0 0 0 0 0 0 0 0
1735 1 1 1 0 0 0 0 0 0
1741 1 0 0 0 0 0 1 0 0
1742 3 0 0 0 0 0 1 1 1
1743 1 0 0 0 0 0 1 0 0
1747 7 1 1 2 0 0 1 0 0
1749 2 0 0 0 0 0 0 0 0
1751 2 0 0 1 0 0 1 0 0
1753 2 0 0 0 0 0 0 0 0
1759 2 0 0 0 0 0 0 0 0
1775 18 4 4 10 0 0 0 0 0
1849 2 0 0 1 0 0 0 0 0
1854 2 0 0 1 0 0 0 0 0
1856 4 0 0 1 0 0 0 0 0
1862 2 0 0 0 0 0 0 0 0
1873 2 1 1 1 0 0 0 0 0
1879 4 0 0 1 1 1 0 0 0
1880 4 0 0 1 0 0 0 0 0
1881 2 0 0 1 0 0 0 0 0
1902 46 1 1 0 0 0 0 0 0
1904 22 0 0 10 7 7 0 0 0
1917 3 0 0 0 0 0 0 0 0
1920 4 1 1 2 0 0 0 0 0
1921 3 1 1 1 0 0 0 0 0
1945 12 0 0 8 2 2 0 0 0
1947 1 0 0 0 0 0 0 0 0
1948 12 2 2 2 0 0 0 0 0
1951 3 0 0 0 0 0 0 0 0
1956 1 1 1 0 0 0 0 0 0
1957 2 0 0 0 0 0 0 0 0
1960 2 0 0 0 0 0 0 0 0
1963 2 0 0 1 0 0 0 0 0
1964 4 1 1 1 0 0 0 0 0
1965 1 0 0 1 0 0 0 0 0
1966 3 0 0 1 0 0 0 0 0
1967 3 0 0 1 0 0 0 0 0
1977 21 1 1 0 0 0 7 0 0
1996 9 0 0 8 0 0 0 0 0
fn=open_verify.constprop.12
1658 12 1 1 0 0 0 7 0 0
1728 4 0 0 0 0 0 2 0 0
1730 2 0 0 0 0 0 0 0 0
1735 1 0 0 0 0 0 0 0 0
1741 1 0 0 0 0 0 1 0 0
1742 3 1 1 0 0 0 1 0 0
1743 1 0 0 0 0 0 1 0 0
1747 7 0 0 2 0 0 1 0 0
1749 2 0 0 0 0 0 0 0 0
1751 2 0 0 1 0 0 1 0 0
1753 2 1 1 0 0 0 0 0 0
1759 2 0 0 0 0 0 0 0 0
1775 16 1 1 9 2 2 0 0 0
1838 2 0 0 1 0 0 0 0 0
1849 2 0 0 1 0 0 0 0 0
1854 2 0 0 1 0 0 0 0 0
1856 4 1 1 1 0 0 0 0 0
1862 2 0 0 0 0 0 0 0 0
1873 2 0 0 1 0 0 0 0 0
1879 4 0 0 1 0 0 0 0 0
1880 4 0 0 1 0 0 0 0 0
1881 2 1 1 1 0 0 0 0 0
1902 58 0 0 0 0 0 0 0 0
1904 24 1 1 11 7 7 0 0 0
1917 3 0 0 0 0 0 0 0 0
1920 4 0 0 2 0 0 0 0 0
1921 3 1 1 1 0 0 0 0 0
1945 6 1 1 4 1 1 0 0 0
1947 1 0 0 0 0 0 0 0 0
1948 12 2 2 2 0 0 0 0 0
1951 3 0 0 0 0 0 0 0 0
1977 24 1 1 0 0 0 8 0 0
1996 9 1 1 8 0 0 0 0 0
fl=/build/glibc-B9XfQf/glibc-2.28/elf/dl-lookup.c
fn=_dl_lookup_symbol_x
555 184 0 0 0 0 0 0 0 0
556 5812 0 0 1430 87 85 0 0 0
557 5352 0 0 0 0 0 0 0 0
791 1288 2 2 92 0 0 828 5 1
793 184 0 0 0 0 0 92 2 1
794 184 0 0 0 0 0 92 0 0
797 92 1 1 92 2 0 0 0 0
801 346 0 0 81 0 0 0 0 0
805 1012 0 0 184 0 0 368 0 0
806 460 0 0 276 4 0 0 0 0
812 244 1 1 20 0 0 0 0 0
814 1196 2 2 460 0 0 644 3 2
817 440 0 0 82 0 0 0 0 0
820 40 0 0 0 0 0 0 0 0
842 184 0 0 92 0 0 0 0 0
844 60 1 1 10 0 0 0 0 0
861 10 1 1 0 0 0 10 0 0
862 20 0 0 0 0 0 0 0 0
866 656 1 1 164 0 0 0 0 0
906 328 0 0 82 0 0 0 0 0
920 246 0 0 82 3 1 0 0 0
921 2 1 1 0 0 0 1 0 0
923 328 0 0 164 0 0 0 0 0
928 82 0 0 0 0 0 82 0 0
930 848 1 1 644 0 0 0 0 0
fn=_dl_setup_hash
940 12 1 1 4 0 0 0 0 0
942 4 0 0 4 0 0 0 0 0
944 8 0 0 4 4 4 4 1 1
945 4 0 0 4 0 0 0 0 0
946 4 0 0 4 1 1 0 0 0
948 12 1 1 0 0 0 0 0 0
949 4 0 0 0 0 0 4 0 0
950 12 0 0 4 0 0 4 0 0
952 4 0 0 0 0 0 4 0 0
953 8 0 0 0 0 0 0 0 0
955 4 0 0 0 0 0 4 0 0
957 12 0 0 0 0 0 4 0 0
958 4 0 0 4 0 0 0 0 0
fn=do_lookup_x
76 252 0 0 168 15 12 0 0 0
78 588 1 1 166 13 13 0 0 0
91 1008 1 1 0 0 0 255 0 0
94 416 0 0 208 0 0 90 0 0
98 82 1 1 82 0 0 0 0 0
99 164 0 0 0 0 0 0 0 0
101 162 0 0 0 0 0 0 0 0
120 81 0 0 81 7 3 0 0 0
121 648 1 1 243 2 0 0 0 0
122 1053 2 2 486 0 0 405 1 1
149 2 1 1 0 0 0 0 0 0
151 5 0 0 2 0 0 0 0 0
271 211 0 0 0 0 0 0 0 0
339 1104 2 2 92 0 0 920 9 4
340 92 0 0 92 2 0 0 0 0
345 92 0 0 0 0 0 0 0 0
346 92 0 0 92 0 0 0 0 0
350 586 1 1 586 9 0 0 0 0
353 586 0 0 293 0 0 0 0 0
357 1615 0 0 477 0 0 184 0 0
361 586 0 0 293 7 0 0 0 0
365 586 0 0 293 2 0 0 0 0
371 879 0 0 293 4 0 0 0 0
375 85 1 1 0 0 0 85 0 0
376 85 0 0 0 0 0 85 0 0
379 586 0 0 586 14 0 0 0 0
380 879 0 0 586 5 0 293 0 0
383 293 0 0 293 0 0 0 0 0
384 586 1 1 0 0 0 0 0 0
386 293 0 0 293 38 28 0 0 0
387 368 1 1 0 0 0 92 0 0
388 586 0 0 586 0 0 0 0 0
391 1465 0 0 586 0 0 0 0 0
394 2051 0 0 0 0 0 0 0 0
397 170 1 1 170 43 40 0 0 0
398 255 1 1 0 0 0 0 0 0
399 170 0 0 0 0 0 0 0 0
401 255 0 0 85 0 0 85 0 0
404 855 0 0 171 64 60 0 0 0
406 336 1 1 84 0 0 0 0 0
407 84 0 0 0 0 0 0 0 0
408 168 0 0 0 0 0 0 0 0
414 267 0 0 0 0 0 0 0 0
422 276 0 0 92 0 0 92 0 0
423 21 1 1 9 0 0 0 0 0
447 6 1 1 3 0 0 0 0 0
453 738 1 1 328 0 0 0 0 0
504 164 0 0 0 0 0 0 0 0
507 620 1 1 82 0 0 0 0 0
511 27 0 0 9 1 0 0 0 0
523 492 1 1 246 0 0 246 0 0
525 82 0 0 0 0 0 0 0 0
541 1267 0 0 169 1 0 0 0 0
542 168 0 0 24 0 0 48 2 0
545 633 0 0 0 0 0 0 0 0
548 20 1 1 0 0 0 0 0 0
549 736 0 0 644 0 0 0 0 0
fl=/build/glibc-B9XfQf/glibc-2.28/elf/dl-minimal.c
fn=calloc
92 8 1 1 0 0 0 0 0 0
96 8 0 0 0 0 0 0 0 0
99 16 0 0 0 0 0 0 0 0
100 24 0 0 0 0 0 0 0 0
103 8 0 0 0 0 0 0 0 0
fn=free
111 60 1 1 30 0 0 0 0 0
fn=malloc
49 3 0 0 0 0 0 2 0 0
50 75 1 1 37 0 0 0 0 0
55 3 0 0 0 0 0 1 0 0
56 2 2 2 1 0 0 0 0 0
57 2 0 0 0 0 0 0 0 0
61 57 0 0 0 0 0 19 0 0
64 129 1 1 0 0 0 0 0 0
69 4 0 0 1 0 0 0 0 0
70 2 0 0 0 0 0 0 0 0
72 2 0 0 0 0 0 0 0 0
73 7 1 1 0 0 0 1 1 1
75 2 0 0 0 0 0 0 0 0
77 3 0 0 1 0 0 0 0 0
79 3 0 0 0 0 0 1 0 0
82 19 0 0 0 0 0 19 0 0
83 19 0 0 0 0 0 19 0 0
85 41 0 0 21 0 0 0 0 0
fl=/build/glibc-B9XfQf/glibc-2.28/elf/dl-misc.c
fn=_dl_name_match_p
282 190 1 1 0 0 0 76 1 1
283 152 0 0 38 0 0 38 0 0
284 41 0 0 0 0 0 0 0 0
286 38 0 0 38 0 0 0 0 0
288 154 0 0 0 0 0 0 0 0
289 210 1 1 42 6 0 42 0 0
292 39 0 0 39 0 0 0 0 0
294 35 0 0 0 0 0 0 0 0
295 190 0 0 114 0 0 0 0 0
fn=_dl_sysdep_read_whole_file
44 8 1 1 0 0 0 4 0 0
47 3 1 1 0 0 0 1 1 1
48 2 0 0 0 0 0 0 0 0
50 7 1 1 0 0 0 1 0 0
52 2 0 0 1 1 1 1 0 0
55 2 0 0 0 0 0 0 0 0
57 8 1 1 0 0 0 1 0 0
68 3 0 0 0 0 0 1 0 0
71 7 0 0 5 0 0 0 0 0
fl=/build/glibc-B9XfQf/glibc-2.28/elf/dl-object.c
fn=_dl_add_to_namespace_list
31 15 1 1 0 0 0 9 0 0
33 9 0 0 3 0 0 3 0 0
35 22 1 1 3 0 0 0 0 0
38 15 0 0 5 0 0 0 0 0
40 2 0 0 0 0 0 2 0 0
42 2 0 0 0 0 0 2 0 0
45 2 0 0 0 0 0 1 0 0
46 9 0 0 3 0 0 0 0 0
47 6 0 0 3 0 0 3 0 0
48 6 0 0 0 0 0 3 0 0
50 6 0 0 3 0 0 0 0 0
51 9 0 0 9 0 0 0 0 0
fn=_dl_new_object
59 36 2 2 0 0 0 24 4 4
60 18 0 0 0 0 0 9 0 0
66 18 0 0 3 1 1 0 0 0
68 6 0 0 0 0 0 0 0 0
73 15 1 1 0 0 0 6 0 0
76 6 0 0 0 0 0 0 0 0
79 3 0 0 0 0 0 3 3 3
80 9 0 0 3 0 0 3 3 3
84 6 0 0 0 0 0 3 1 1
85 24 1 1 9 0 0 9 0 0
87 3 0 0 0 0 0 3 0 0
95 18 1 1 6 0 0 3 0 0
96 18 0 0 6 3 3 3 0 0
99 6 0 0 3 0 0 0 0 0
100 8 1 1 2 0 0 3 3 3
101 3 0 0 0 0 0 3 0 0
105 3 0 0 0 0 0 3 0 0
108 43 1 1 0 0 0 0 0 0
110 32 0 0 0 0 0 16 4 4
120 6 0 0 0 0 0 3 0 0
121 3 0 0 0 0 0 3 3 3
124 1 1 1 0 0 0 0 0 0
126 18 1 1 3 0 0 0 0 0
128 6 0 0 0 0 0 2 2 2
131 8 0 0 0 0 0 0 0 0
135 6 0 0 2 0 0 0 0 0
139 10 0 0 0 0 0 0 0 0
141 1 1 1 0 0 0 0 0 0
147 1 0 0 0 0 0 1 1 1
150 6 0 0 0 0 0 3 0 0
153 9 0 0 0 0 0 3 0 0
155 10 0 0 2 0 0 4 0 0
159 8 1 1 2 0 0 0 0 0
163 6 0 0 0 0 0 2 0 0
164 8 0 0 0 0 0 0 0 0
172 2 0 0 0 0 0 0 0 0
176 2 0 0 0 0 0 0 0 0
209 48 1 1 4 0 0 2 0 0
214 42 0 0 0 0 0 0 0 0
215 84 0 0 42 0 0 0 0 0
217 4 0 0 0 0 0 0 0 0
220 2 0 0 0 0 0 2 0 0
223 2 0 0 0 0 0 2 0 0
227 27 1 1 21 0 0 0 0 0
fl=/build/glibc-B9XfQf/glibc-2.28/elf/dl-open.c
fn=_dl_find_dso_for_object
174 8 1 1 0 0 0 4 0 0
178 3 0 0 1 0 0 0 0 0
179 10 0 0 3 0 0 0 0 0
180 12 1 1 6 0 0 0 0 0
181 2 0 0 1 0 0 0 0 0
184 2 1 1 1 0 0 0 0 0
188 7 0 0 5 0 0 0 0 0
fl=/build/glibc-B9XfQf/glibc-2.28/elf/dl-reloc.c
fn=_dl_relocate_object
148 48 2 2 0 0 0 32 0 0
155 4 0 0 0 0 0 4 0 0
158 6 0 0 0 0 0 0 0 0
159 12 0 0 0 0 0 8 0 0
163 8 0 0 0 0 0 0 0 0
164 20 0 0 4 1 0 4 0 0
170 8 1 1 4 0 0 0 0 0
176 20 0 0 8 0 0 0 0 0
177 8 1 1 4 3 0 0 0 0
180 9 1 1 0 0 0 0 0 0
187 8 1 1 4 1 0 0 0 0
231 12 0 0 8 0 0 4 0 0
258 190 5 5 80 14 0 42 0 0
261 16 0 0 4 0 0 0 0 0
285 4 0 0 4 0 0 0 0 0
288 8 0 0 4 0 0 0 0 0
305 12 0 0 4 3 0 0 0 0
307 32 0 0 28 1 0 0 0 0
313 24 1 1 12 0 0 0 0 0
316 8 0 0 0 0 0 0 0 0
320 8 0 0 0 0 0 0 0 0
321 24 1 1 0 0 0 4 0 0
fl=/build/glibc-B9XfQf/glibc-2.28/elf/dl-sort-maps.c
fn=_dl_sort_maps
28 18 1 1 0 0 0 14 0 0
30 16 1 1 0 0 0 4 0 0
33 2 0 0 0 0 0 0 0 0
34 18 1 1 0 0 0 4 0 0
35 24 0 0 0 0 0 10 0 0
39 36 1 1 12 0 0 12 0 0
40 18 0 0 12 0 0 0 0 0
42 12 0 0 6 0 0 0 0 0
46 12 1 1 6 0 0 0 0 0
54 36 0 0 18 0 0 0 0 0
56 18 0 0 12 1 0 0 0 0
57 12 0 0 0 0 0 0 0 0
59 18 0 0 6 2 0 0 0 0
60 12 1 1 0 0 0 0 0 0
90 21 3 3 3 0 0 0 0 0
111 12 0 0 0 0 0 0 0 0
115 30 0 0 10 0 0 0 0 0
118 36 2 1 4 0 0 4 0 0
122 16 0 0 14 0 0 0 0 0
fl=/build/glibc-B9XfQf/glibc-2.28/elf/dl-tunables.c
fn=__GI___tunables_init
68 216 0 0 71 0 0 0 0 0
71 70 0 0 0 0 0 0 0 0
74 6755 1 1 975 37 37 0 0 0
78 140 0 0 0 0 0 0 0 0
83 210 0 0 0 0 0 70 1 1
280 3 1 1 1 0 0 0 0 0
289 9 1 1 0 0 0 6 1 1
297 140 0 0 0 0 0 0 0 0
312 6790 1 1 0 0 0 0 0 0
318 8400 0 0 3360 0 0 0 0 0
330 280 2 2 70 0 0 0 0 0
364 8 1 1 7 0 0 0 0 0
fn=__tunable_get_val
373 190 4 2 17 10 0 0 0 0
377 52 0 0 13 0 0 13 0 0
382 6 1 0 3 1 0 3 0 0
383 3 0 0 0 0 0 0 0 0
392 2 1 1 1 0 0 1 0 0
393 1 0 0 0 0 0 0 0 0
399 85 0 0 17 1 0 0 0 0
401 17 0 0 17 0 0 0 0 0
fl=/build/glibc-B9XfQf/glibc-2.28/elf/dl-tunables.h
fn=__GI___tunables_init
120 2657 0 0 1309 8 8 0 0 0
121 2776 0 0 0 0 0 0 0 0
fl=/build/glibc-B9XfQf/glibc-2.28/elf/dl-version.c
fn=_dl_check_all_versions
362 8 1 1 0 0 0 4 0 0
364 1 0 0 0 0 0 0 0 0
366 15 0 0 4 0 0 0 0 0
368 40 1 1 4 0 0 4 0 0
371 7 0 0 5 0 0 0 0 0
fn=_dl_check_map_versions
37 24 1 1 4 0 0 0 0 0
38 5 0 0 5 0 0 0 0 0
39 35 0 0 0 0 0 7 0 0
57 6 0 0 6 0 0 0 0 0
65 9 1 1 3 0 0 0 0 0
71 9 0 0 3 1 0 0 0 0
87 3 0 0 3 0 0 0 0 0
88 6 0 0 0 0 0 0 0 0
90 3 0 0 3 0 0 0 0 0
95 35 0 0 10 3 3 3 0 0
109 20 1 1 10 0 0 0 0 0
111 3 1 1 3 0 0 0 0 0
114 26 1 1 8 0 0 3 0 0
121 21 0 0 7 0 0 0 0 0
125 7 0 0 0 0 0 0 0 0
143 10 1 1 0 0 0 6 0 0
156 28 1 1 0 0 0 24 0 0
157 4 1 1 0 0 0 4 0 0
165 4 1 1 0 0 0 0 0 0
171 12 0 0 4 0 0 0 0 0
173 12 1 1 4 0 0 8 0 0
175 8 0 0 4 0 0 4 0 0
176 16 0 0 4 0 0 8 0 0
178 8 0 0 0 0 0 0 0 0
181 6 0 0 4 0 0 2 0 0
185 12 0 0 4 2 2 0 0 0
201 4 0 0 4 0 0 0 0 0
209 6 0 0 2 0 0 0 0 0
210 2 1 1 0 0 0 0 0 0
214 6 0 0 4 0 0 0 0 0
218 32 1 1 23 1 0 3 0 0
220 3 0 0 3 1 1 0 0 0
222 7 0 0 3 1 1 3 0 0
225 12 0 0 3 0 0 0 0 0
228 9 0 0 3 0 0 0 0 0
233 1 0 0 0 0 0 0 0 0
237 8 0 0 4 0 0 0 0 0
251 13 0 0 4 0 0 0 0 0
254 8 0 0 6 0 0 0 0 0
257 140 0 0 35 10 10 0 0 0
260 105 0 0 35 5 5 0 0 0
264 33 0 0 0 0 0 0 0 0
268 6 1 1 0 0 0 0 0 0
273 3 0 0 0 0 0 3 0 0
274 12 1 1 0 0 0 3 0 0
275 6 0 0 0 0 0 0 0 0
285 3 1 1 0 0 0 3 0 0
288 9 0 0 6 1 0 3 0 0
290 9 0 0 3 0 0 0 0 0
293 8 0 0 6 0 0 0 0 0
297 6 0 0 2 0 0 0 0 0
300 9 1 1 3 0 0 0 0 0
302 9 0 0 0 0 0 0 0 0
304 15 0 0 3 0 0 3 0 0
305 9 0 0 0 0 0 3 3 3
306 9 0 0 3 0 0 3 0 0
307 9 0 0 3 0 0 3 0 0
310 9 0 0 3 0 0 0 0 0
315 1 0 0 0 0 0 0 0 0
318 6 1 1 2 0 0 0 0 0
328 9 0 0 3 0 0 0 0 0
331 8 0 0 6 0 0 0 0 0
335 33 0 0 33 0 0 0 0 0
337 70 1 1 35 0 0 0 0 0
341 33 0 0 33 0 0 0 0 0
342 165 0 0 33 0 0 33 9 9
343 99 0 0 33 0 0 33 0 0
344 33 0 0 0 0 0 33 4 4
347 105 0 0 35 0 0 0 0 0
351 33 0 0 0 0 0 0 0 0
357 36 0 0 32 0 0 0 0 0
fl=/build/glibc-B9XfQf/glibc-2.28/elf/do-rel.h
fn=_dl_relocate_object
47 24 0 0 8 0 0 8 0 0
48 8 0 0 8 0 0 0 0 0
50 6 0 0 0 0 0 4 0 0
51 6 0 0 0 0 0 4 1 0
58 24 0 0 8 0 0 0 0 0
61 148 0 0 0 0 0 0 0 0
63 192 1 1 48 18 18 0 0 0
65 121 0 0 0 0 0 0 0 0
74 4 1 1 0 0 0 0 0 0
75 144 1 1 17 0 0 0 0 0
76 80 0 0 40 0 0 0 0 0
83 12 0 0 6 0 0 6 0 0
84 6 1 1 6 0 0 0 0 0
86 18 0 0 6 0 0 0 0 0
98 18 0 0 0 0 0 0 0 0
108 8 0 0 0 0 0 0 0 0
111 3725 1 1 0 0 0 0 0 0
112 2476 0 0 1238 157 156 0 0 0
118 18 1 1 6 4 0 0 0 0
121 10 1 1 5 1 0 5 1 0
124 325 0 0 110 0 0 0 0 0
127 420 0 0 105 26 23 0 0 0
136 420 0 0 210 41 38 0 0 0
137 420 0 0 105 0 0 105 0 0
138 360 0 0 105 1 0 0 0 0
139 315 1 1 210 0 0 105 0 0
143 15 1 1 6 0 0 0 0 0
160 19 0 0 6 0 0 1 0 0
162 20 1 1 5 1 1 0 0 0
170 30 0 0 5 0 0 5 0 0
171 15 0 0 10 0 0 5 0 0
174 4 1 1 2 0 0 0 0 0
fn=_dl_start
83 1 0 0 1 0 0 0 0 0
84 1 0 0 1 0 0 0 0 0
111 123 1 1 0 0 0 0 0 0
112 80 0 0 40 6 6 0 0 0
116 2 0 0 1 0 0 0 0 0
124 30 0 0 0 0 0 0 0 0
136 27 0 0 9 2 2 0 0 0
137 18 0 0 0 0 0 0 0 0
139 18 0 0 9 0 0 0 0 0
fl=/build/glibc-B9XfQf/glibc-2.28/elf/get-dynamic-info.h
fn=_dl_map_object_from_fd
42 4 0 0 0 0 0 0 0 0
46 2 0 0 0 0 0 0 0 0
48 141 0 0 47 13 13 0 0 0
50 90 0 0 0 0 0 0 0 0
63 42 1 1 0 0 0 0 0 0
64 71 0 0 0 0 0 43 13 13
65 8 0 0 0 0 0 0 0 0
67 2 0 0 0 0 0 0 0 0
68 10 1 1 0 0 0 0 0 0
70 2 0 0 0 0 0 0 0 0
71 10 0 0 0 0 0 0 0 0
72 2 0 0 0 0 0 0 0 0
73 8 1 1 0 0 0 2 0 0
74 45 0 0 0 0 0 0 0 0
81 4 0 0 0 0 0 0 0 0
101 7 0 0 3 0 0 0 0 0
102 8 0 0 4 0 0 0 0 0
103 8 0 0 4 0 0 0 0 0
104 8 1 1 4 0 0 0 0 0
106 8 0 0 4 0 0 0 0 0
111 8 0 0 4 0 0 0 0 0
112 7 0 0 3 1 1 0 0 0
113 8 1 1 4 0 0 0 0 0
118 6 0 0 2 0 0 0 0 0
123 4 0 0 2 0 0 0 0 0
130 4 1 1 2 0 0 0 0 0
131 6 0 0 4 0 0 0 0 0
149 6 1 1 2 0 0 0 0 0
154 2 0 0 1 0 0 1 0 0
156 2 0 0 0 0 0 0 0 0
158 2 0 0 0 0 0 0 0 0
160 2 0 0 0 0 0 0 0 0
163 6 1 1 2 0 0 0 0 0
165 3 0 0 1 0 0 1 0 0
173 2 0 0 1 0 0 0 0 0
178 2 0 0 0 0 0 0 0 0
181 4 0 0 2 0 0 0 0 0
fn=_dl_start
48 57 1 1 19 6 6 0 0 0
50 36 0 0 0 0 0 0 0 0
63 21 0 0 0 0 0 0 0 0
64 29 0 0 0 0 0 17 5 5
65 4 1 1 0 0 0 0 0 0
67 2 0 0 0 0 0 0 0 0
68 5 1 1 0 0 0 0 0 0
70 3 1 1 0 0 0 0 0 0
71 5 1 1 0 0 0 0 0 0
72 1 0 0 0 0 0 0 0 0
73 5 0 0 0 0 0 1 1 1
74 18 0 0 0 0 0 0 0 0
81 2 0 0 0 0 0 0 0 0
101 4 0 0 2 0 0 0 0 0
102 4 1 1 2 0 0 0 0 0
103 4 0 0 2 0 0 0 0 0
104 4 0 0 2 0 0 0 0 0
106 4 0 0 2 0 0 0 0 0
111 4 1 1 2 0 0 0 0 0
112 4 0 0 2 0 0 0 0 0
113 4 0 0 2 0 0 0 0 0
118 3 0 0 1 0 0 0 0 0
123 2 0 0 1 0 0 0 0 0
130 3 1 1 1 0 0 0 0 0
131 3 0 0 2 0 0 0 0 0
139 3 0 0 1 0 0 0 0 0
142 3 1 1 1 1 1 0 0 0
146 2 0 0 1 0 0 0 0 0
147 2 0 0 1 0 0 0 0 0
fn=dl_main
33 1 0 0 1 0 0 0 0 0
42 2 0 0 0 0 0 0 0 0
46 1 0 0 0 0 0 0 0 0
48 81 0 0 27 7 7 0 0 0
50 52 0 0 0 0 0 0 0 0
63 25 1 1 0 0 0 0 0 0
64 42 0 0 0 0 0 25 6 6
65 4 0 0 0 0 0 0 0 0
67 1 0 0 0 0 0 0 0 0
68 5 1 1 0 0 0 0 0 0
70 1 0 0 0 0 0 0 0 0
71 5 0 0 0 0 0 0 0 0
72 1 0 0 0 0 0 0 0 0
73 4 1 1 0 0 0 1 0 0
74 26 0 0 0 0 0 0 0 0
81 3 0 0 1 0 0 0 0 0
101 3 0 0 1 0 0 0 0 0
102 4 1 1 2 0 0 0 0 0
103 4 0 0 2 0 0 0 0 0
104 4 0 0 2 0 0 0 0 0
106 4 0 0 2 0 0 0 0 0
111 4 0 0 2 0 0 0 0 0
112 4 1 1 2 0 0 0 0 0
113 4 0 0 2 0 0 0 0 0
118 3 0 0 1 0 0 0 0 0
123 2 0 0 1 0 0 0 0 0
130 2 0 0 1 0 0 0 0 0
131 3 1 1 2 0 0 0 0 0
149 3 0 0 1 0 0 0 0 0
154 2 0 0 1 0 0 1 0 0
156 2 0 0 0 0 0 0 0 0
158 2 0 0 0 0 0 0 0 0
160 2 1 1 0 0 0 0 0 0
161 2 1 1 0 0 0 1 0 0
163 3 0 0 1 0 0 0 0 0
165 3 0 0 1 0 0 1 0 0
173 2 0 0 1 0 0 0 0 0
178 2 0 0 0 0 0 0 0 0
179 3 0 0 1 0 0 1 0 0
181 2 1 1 1 0 0 0 0 0
fl=/build/glibc-B9XfQf/glibc-2.28/elf/rtld.c
fn=_dl_start
394 2 1 1 0 0 0 1 1 1
395 2 0 0 0 0 0 1 0 0
396 2 0 0 0 0 0 1 0 0
397 2 1 1 0 0 0 1 1 1
398 2 0 0 0 0 0 1 0 0
406 5 0 0 0 0 0 1 0 0
409 1 0 0 0 0 0 1 0 0
415 4 0 0 0 0 0 1 0 0
424 4 0 0 0 0 0 0 0 0
427 2 0 0 1 1 0 1 1 0
431 2 0 0 1 0 0 0 0 0
445 9 2 2 0 0 0 6 1 1
464 5 0 0 0 0 0 1 1 1
487 1 0 0 0 0 0 1 1 1
490 1 0 0 0 0 0 1 1 1
501 2 0 0 0 0 0 0 0 0
506 25 2 2 9 0 0 0 0 0
508 1 0 0 1 1 1 0 0 0
533 9 0 0 7 1 0 0 0 0
fn=dl_main
800 1 0 0 1 0 0 0 0 0
802 1 1 1 0 0 0 1 0 0
811 1 0 0 0 0 0 1 0 0
813 1 0 0 0 0 0 1 0 0
818 1 0 0 0 0 0 1 0 0
871 12 1 1 0 0 0 8 0 0
877 1 0 0 0 0 0 0 0 0
880 1 0 0 0 0 0 0 0 0
886 1 0 0 0 0 0 1 0 0
888 2 1 1 0 0 0 1 1 1
892 7 0 0 2 0 0 3 2 2
898 2 0 0 0 0 0 1 1 1
908 4 0 0 2 0 0 0 0 0
1109 8 1 1 0 0 0 1 0 0
1111 2 0 0 0 0 0 0 0 0
1112 1 0 0 0 0 0 1 1 1
1113 2 1 1 1 0 0 1 0 0
1114 3 0 0 2 0 0 1 0 0
1118 3 0 0 0 0 0 1 0 0
1119 2 0 0 1 0 0 0 0 0
1141 1 1 1 0 0 0 1 0 0
1143 2 0 0 1 1 1 1 0 0
1145 1 0 0 1 0 0 0 0 0
1148 39 0 0 1 0 0 0 0 0
1149 55 1 1 11 4 4 0 0 0
1153 3 1 1 1 0 0 1 0 0
1154 1 0 0 0 0 0 0 0 0
1158 3 0 0 2 0 0 1 0 0
1159 1 0 0 0 0 0 0 0 0
1167 2 0 0 0 0 0 1 1 1
1168 2 1 1 2 1 1 0 0 0
1170 1 0 0 0 0 0 1 0 0
1177 2 0 0 1 0 0 0 0 0
1189 1 1 1 0 0 0 0 0 0
1195 1 1 1 0 0 0 0 0 0
1203 8 0 0 4 0 0 0 0 0
1204 52 1 1 5 1 1 0 0 0
1205 8 1 1 4 0 0 0 0 0
1206 1 0 0 0 0 0 1 0 0
1209 8 0 0 4 3 3 0 0 0
1210 8 0 0 4 0 0 0 0 0
1211 4 0 0 0 0 0 4 0 0
1212 10 0 0 5 0 0 0 0 0
1213 2 1 1 0 0 0 1 0 0
1240 2 0 0 1 0 0 1 0 0
1241 1 0 0 0 0 0 0 0 0
1244 4 1 1 2 1 1 1 1 1
1246 1 0 0 0 0 0 0 0 0
1257 5 1 1 3 1 1 0 0 0
1260 2 0 0 0 0 0 0 0 0
1262 2 0 0 0 0 0 0 0 0
1264 3 1 1 1 0 0 0 0 0
1277 3 0 0 1 0 0 0 0 0
1278 6 0 0 1 0 0 2 0 0
1280 3 0 0 3 0 0 0 0 0
1283 1 0 0 0 0 0 1 0 0
1285 1 0 0 0 0 0 1 1 1
1286 1 0 0 0 0 0 1 0 0
1288 3 1 1 2 0 0 0 0 0
1289 2 0 0 0 0 0 1 0 0
1293 2 1 1 1 0 0 0 0 0
1295 2 0 0 0 0 0 0 0 0
1300 2 0 0 0 0 0 1 0 0
1303 2 0 0 1 0 0 0 0 0
1319 4 1 1 0 0 0 2 1 1
1325 10 1 1 1 0 0 2 0 0
1330 2 1 1 1 0 0 1 0 0
1333 4 0 0 1 0 0 2 0 0
1335 1 0 0 0 0 0 1 0 0
1340 2 1 1 1 0 0 0 0 0
1343 4 1 1 2 0 0 1 0 0
1344 4 0 0 1 0 0 1 0 0
1345 2 0 0 1 0 0 1 0 0
1346 1 0 0 0 0 0 1 0 0
1347 1 0 0 1 0 0 0 0 0
1348 1 0 0 1 0 0 0 0 0
1353 2 1 1 1 0 0 0 0 0
1354 5 0 0 1 0 0 1 0 0
1371 2 0 0 1 1 1 0 0 0
1372 2 0 0 1 0 0 0 0 0
1374 2 1 1 1 0 0 0 0 0
1376 1 0 0 0 0 0 1 0 0
1377 3 0 0 1 0 0 1 0 0
1382 5 0 0 0 0 0 0 0 0
1383 5 0 0 1 1 1 0 0 0
1385 4 1 1 2 0 0 1 1 1
1391 2 1 1 1 1 1 0 0 0
1396 1 0 0 0 0 0 1 0 0
1397 4 0 0 2 0 0 0 0 0
1398 2 0 0 0 0 0 0 0 0
1577 2 1 1 0 0 0 2 0 0
1585 3 0 0 1 0 0 0 0 0
1588 2 0 0 1 0 0 1 0 0
1592 3 0 0 1 0 0 0 0 0
1597 2 0 0 1 0 0 1 0 0
1598 1 1 1 0 0 0 1 0 0
1599 1 0 0 0 0 0 0 0 0
1603 3 0 0 1 0 0 0 0 0
1618 3 0 0 2 0 0 0 0 0
1619 1 0 0 0 0 0 0 0 0
1620 1 0 0 0 0 0 0 0 0
1622 3 0 0 1 0 0 0 0 0
1624 5 1 1 0 0 0 0 0 0
1625 3 1 1 0 0 0 1 0 0
1626 4 0 0 0 0 0 0 0 0
1628 4 0 0 1 0 0 0 0 0
1638 5 1 1 0 0 0 1 0 0
1715 4 0 0 2 0 0 0 0 0
1719 8 1 1 0 0 0 0 0 0
1720 1 0 0 0 0 0 0 0 0
1723 3 0 0 0 0 0 1 0 0
1724 1 0 0 1 0 0 0 0 0
1725 2 0 0 0 0 0 0 0 0
1726 2 1 1 0 0 0 0 0 0
1732 5 1 1 0 0 0 0 0 0
1733 8 0 0 1 0 0 1 0 0
1734 4 0 0 0 0 0 0 0 0
1736 3 0 0 1 0 0 0 0 0
1739 11 0 0 1 0 0 0 0 0
1740 19 1 1 9 0 0 0 0 0
1743 3 0 0 2 0 0 1 0 0
1744 3 0 0 1 0 0 0 0 0
1745 1 0 0 0 0 0 1 0 0
1747 10 2 2 0 0 0 0 0 0
1748 13 0 0 7 0 0 0 0 0
1758 2 1 1 0 0 0 1 0 0
1760 2 0 0 1 0 0 1 0 0
1761 3 1 1 1 0 0 0 0 0
1763 2 0 0 0 0 0 1 0 0
1765 3 0 0 0 0 0 0 0 0
1767 3 0 0 1 0 0 0 0 0
1768 1 0 0 1 0 0 0 0 0
1781 2 1 1 0 0 0 0 0 0
1782 2 0 0 1 0 0 1 0 0
1783 3 0 0 1 0 0 0 0 0
1794 5 0 0 1 0 0 1 0 0
1795 1 0 0 0 0 0 1 1 1
1796 5 1 1 0 0 0 1 0 0
1806 2 0 0 1 0 0 1 0 0
1807 2 0 0 1 0 0 0 0 0
1808 3 2 2 0 0 0 2 0 0
1810 2 0 0 1 0 0 0 0 0
1815 3 0 0 1 0 0 0 0 0
2045 3 1 1 1 0 0 0 0 0
2101 1 0 0 0 0 0 1 0 0
2105 2 1 1 1 0 0 1 0 0
2111 2 0 0 1 0 0 1 0 0
2114 2 0 0 0 0 0 0 0 0
2152 2 1 1 1 0 0 0 0 0
2170 3 0 0 1 0 0 0 0 0
2177 1 1 1 1 0 0 0 0 0
2179 5 0 0 0 0 0 0 0 0
2180 1 0 0 1 0 0 0 0 0
2181 17 0 0 0 0 0 0 0 0
2183 8 0 0 8 2 0 0 0 0
2188 8 1 1 8 0 0 0 0 0
2190 10 0 0 0 0 0 0 0 0
2192 1 1 1 0 0 0 1 0 0
2193 1 0 0 1 0 0 0 0 0
2196 4 0 0 4 0 0 0 0 0
2198 8 0 0 4 1 0 0 0 0
2199 24 0 0 6 2 0 3 0 0
2203 10 1 1 5 1 0 0 0 0
2204 3 0 0 0 0 0 1 0 0
2206 4 0 0 0 0 0 0 0 0
2208 3 0 0 0 0 0 1 0 0
2214 2 0 0 1 0 0 0 0 0
2219 4 1 1 2 0 0 0 0 0
2221 1 0 0 1 0 0 0 0 0
2228 3 0 0 1 0 0 1 0 0
2231 2 1 1 1 0 0 0 0 0
2240 3 0 0 2 0 0 0 0 0
2242 2 0 0 1 0 0 0 0 0
2257 5 0 0 0 0 0 0 0 0
2259 1 0 0 1 0 0 0 0 0
2260 5 0 0 1 0 0 1 0 0
2261 4 1 1 0 0 0 0 0 0
2263 4 0 0 1 0 0 0 0 0
2271 1 0 0 0 0 0 1 0 0
2275 3 0 0 1 0 0 0 0 0
2295 4 0 0 0 0 0 1 0 0
2296 1 0 0 0 0 0 1 0 0
2297 1 0 0 0 0 0 1 0 0
2298 1 0 0 0 0 0 0 0 0
2302 1 0 0 0 0 0 1 0 0
2307 8 0 0 7 2 0 0 0 0
2473 2 1 1 1 0 0 1 1 1
2475 1 0 0 0 0 0 1 0 0
2476 1 0 0 0 0 0 0 0 0
2480 6 1 1 1 0 0 1 0 0
2482 10 0 0 2 0 0 3 1 1
2484 1 0 0 0 0 0 0 0 0
2486 40 0 0 8 0 0 0 0 0
2487 7 1 1 0 0 0 0 0 0
2489 2 0 0 0 0 0 0 0 0
2495 8 0 0 1 1 1 0 0 0
2516 2 1 1 1 0 0 0 0 0
2519 1 1 1 0 0 0 0 0 0
2523 6 2 2 3 0 0 0 0 0
2525 2 0 0 0 0 0 1 1 1
2526 1 0 0 0 0 0 0 0 0
2644 3 0 0 1 0 0 0 0 0
2676 3 1 1 1 0 0 0 0 0
fn=handle_ld_preload
123 3 1 1 1 0 0 0 0 0
753 1 1 1 0 0 0 1 0 0
757 1 0 0 0 0 0 1 1 1
758 1 0 0 0 0 0 1 0 0
759 1 0 0 0 0 0 1 0 0
761 1 0 0 1 0 0 0 0 0
763 14 1 1 2 0 0 3 1 1
764 3 0 0 1 0 0 0 0 0
772 4 0 0 1 0 0 0 0 0
838 7 1 1 0 0 0 6 0 0
839 1 0 0 0 0 0 0 0 0
843 4 0 0 2 0 0 0 0 0
846 4 0 0 0 0 0 1 0 0
847 3 0 0 0 0 0 0 0 0
849 5 1 1 0 0 0 1 0 0
850 2 0 0 0 0 0 1 0 0
856 1 0 0 0 0 0 0 0 0
858 2 0 0 1 0 0 0 0 0
860 2 0 0 1 0 0 0 0 0
864 9 0 0 7 0 0 0 0 0
fn=init_tls
682 1 1 1 0 0 0 1 0 0
684 2 0 0 1 0 0 1 0 0
688 2 0 0 1 0 0 0 0 0
694 2 0 0 0 0 0 1 0 0
697 1 0 0 0 0 0 1 0 0
698 4 1 1 0 0 0 1 0 0
703 1 0 0 0 0 0 0 0 0
705 1 0 0 0 0 0 1 0 0
709 2 0 0 1 1 1 0 0 0
710 2 1 1 0 0 0 0 0 0
711 13 0 0 1 0 0 0 0 0
712 6 1 1 4 0 0 0 0 0
713 12 0 0 4 0 0 0 0 0
717 2 0 0 0 0 0 1 1 1
719 1 0 0 0 0 0 0 0 0
721 2 0 0 0 0 0 0 0 0
724 1 1 1 0 0 0 1 0 0
731 2 0 0 0 0 0 1 0 0
732 2 0 0 0 0 0 0 0 0
738 2 0 0 1 0 0 1 0 0
741 7 0 0 0 0 0 2 0 0
744 1 0 0 0 0 0 1 0 0
747 3 0 0 2 0 0 0 0 0
fn=map_doit
589 2 1 1 0 0 0 1 0 0
591 4 0 0 1 0 0 0 0 0
592 6 0 0 2 0 0 2 1 1
594 2 0 0 2 0 0 0 0 0
fn=rtld_lock_default_lock_recursive
785 5 1 1 5 2 1 0 0 0
786 5 0 0 5 0 0 0 0 0
fn=rtld_lock_default_unlock_recursive
791 5 0 0 5 1 0 0 0 0
792 5 0 0 5 0 0 0 0 0
fn=version_check_doit
622 2 1 1 0 0 0 1 0 0
624 6 0 0 2 0 0 1 0 0
628 2 0 0 2 0 0 0 0 0
fl=/build/glibc-B9XfQf/glibc-2.28/elf/setup-vdso.h
fn=dl_main
24 2 0 0 1 0 0 0 0 0
fl=/build/glibc-B9XfQf/glibc-2.28/io/../sysdeps/unix/sysv/linux/access.c
fn=access
27 7 0 0 0 0 0 1 0 0
31 1 0 0 1 0 0 0 0 0
fl=/build/glibc-B9XfQf/glibc-2.28/io/../sysdeps/unix/sysv/linux/close_nocancel.c
fn=__GI___close_nocancel
26 12 1 1 0 0 0 0 0 0
27 3 0 0 3 0 0 0 0 0
fl=/build/glibc-B9XfQf/glibc-2.28/io/../sysdeps/unix/sysv/linux/open64_nocancel.c
fn=__open_nocancel
34 3 0 0 0 0 0 3 1 1
37 21 1 1 0 0 0 0 0 0
45 21 1 1 0 0 0 0 0 0
47 3 0 0 3 0 0 0 0 0
fl=/build/glibc-B9XfQf/glibc-2.28/io/../sysdeps/unix/sysv/linux/read_nocancel.c
fn=__read_nocancel
26 8 1 1 0 0 0 0 0 0
27 2 0 0 2 0 0 0 0 0
fl=/build/glibc-B9XfQf/glibc-2.28/io/../sysdeps/unix/sysv/linux/wordsize-64/fxstat.c
fn=_fxstat
33 3 1 1 0 0 0 0 0 0
34 6 0 0 0 0 0 0 0 0
35 18 1 1 0 0 0 0 0 0
39 3 0 0 3 0 0 0 0 0
fl=/build/glibc-B9XfQf/glibc-2.28/libio/genops.c
fn=_IO_cleanup
786 7 1 1 1 0 0 2 0 0
787 13 2 2 5 0 0 2 0 0
790 12 0 0 4 0 0 0 0 0
792 9 0 0 3 0 0 0 0 0
794 6 0 0 2 0 0 0 0 0
800 1 0 0 1 0 0 0 0 0
824 2 1 1 1 0 0 0 0 0
830 3 0 0 0 0 0 3 0 0
834 8 1 1 2 0 0 2 0 0
835 2 1 1 0 0 0 0 0 0
855 10 1 1 1 0 0 7 0 0
858 3 1 1 0 0 0 2 0 0
870 12 1 1 10 0 0 0 0 0
fn=_IO_flush_all_lockp
686 11 2 2 1 0 0 7 0 0
687 1 0 0 0 0 0 0 0 0
691 8 1 1 1 0 0 3 0 0
692 13 2 2 5 1 1 2 0 0
695 12 0 0 4 4 1 0 0 0
697 3 1 1 0 0 0 3 0 0
698 6 1 1 0 0 0 0 0 0
699 1 1 1 1 0 0 0 0 0
701 23 2 2 10 6 3 0 0 0
709 6 1 1 0 0 0 0 0 0
711 3 0 0 0 0 0 3 0 0
715 8 0 0 2 0 0 2 0 0
716 3 1 1 1 0 0 0 0 0
720 12 0 0 9 0 0 0 0 0
fl=/build/glibc-B9XfQf/glibc-2.28/libio/libioP.h
fn=_IO_cleanup
832 4 1 1 0 0 0 0 0 0
fn=_IO_flush_all_lockp
832 4 0 0 0 0 0 0 0 0
fl=/build/glibc-B9XfQf/glibc-2.28/libio/vtables.c
fn=check_stdfiles_vtables
84 4 1 1 2 1 0 0 0 0
85 3 1 1 2 1 0 0 0 0
86 3 0 0 2 1 0 0 0 0
88 1 0 0 1 0 0 0 0 0
fl=/build/glibc-B9XfQf/glibc-2.28/malloc/arena.c
fn=malloc_hook_ini
291 4 0 0 1 1 1 1 0 0
fn=ptmalloc_init.part.0
289 5 1 1 1 0 0 2 0 0
294 1 0 0 0 0 0 1 0 0
302 2 0 0 1 0 0 0 0 0
303 7 1 1 0 0 0 1 1 0
304 4 1 1 2 0 0 0 0 0
308 8 2 2 5 3 2 2 1 0
313 5 0 0 0 0 0 1 0 0
314 4 0 0 0 0 0 1 0 0
315 4 1 1 0 0 0 1 0 0
316 4 0 0 0 0 0 1 0 0
317 4 0 0 0 0 0 1 0 0
318 4 0 0 0 0 0 1 0 0
319 4 1 1 0 0 0 1 0 0
320 4 0 0 0 0 0 1 0 0
322 4 0 0 0 0 0 1 0 0
323 4 1 1 0 0 0 1 0 0
324 4 0 0 0 0 0 1 0 0
395 2 0 0 2 2 1 0 0 0
396 2 0 0 0 0 0 0 0 0
399 1 0 0 0 0 0 1 1 0
400 6 0 0 4 1 0 0 0 0
fn=sysmalloc
535 2 0 0 0 0 0 0 0 0
fl=/build/glibc-B9XfQf/glibc-2.28/malloc/hooks.c
fn=malloc_hook_ini
29 2 0 0 0 0 0 1 0 0
30 2 1 1 1 0 0 1 0 0
32 2 0 0 0 0 0 0 0 0
33 1 0 0 1 0 0 0 0 0
fl=/build/glibc-B9XfQf/glibc-2.28/malloc/malloc.c
fn=_int_malloc
1640 4 0 0 0 0 0 0 0 0
1871 6 1 1 2 1 1 0 0 0
3505 14 1 1 0 0 0 12 0 0
3537 24 1 1 0 0 0 2 0 0
3541 4 0 0 0 0 0 0 0 0
3565 4 1 1 2 0 0 0 0 0
3570 3 0 0 1 0 0 0 0 0
3572 2 0 0 0 0 0 0 0 0
3623 2 1 1 0 0 0 0 0 0
3625 50 2 2 0 0 0 20 0 0
3626 8 1 1 0 0 0 0 0 0
3628 6 0 0 2 0 0 0 0 0
3687 14 1 1 0 0 0 0 0 0
3704 7 0 0 1 0 0 3 0 0
3705 8 1 1 0 0 0 2 0 0
3706 8 1 1 4 0 0 0 0 0
3710 8 1 1 0 0 0 6 0 0
3716 4 0 0 0 0 0 0 0 0
3778 2 0 0 2 0 0 0 0 0
3865 8 0 0 4 1 0 2 0 0
3890 4 2 2 0 0 0 0 0 0
3963 4 0 0 2 0 0 0 0 0
3964 4 0 0 0 0 0 0 0 0
3965 4 0 0 0 0 0 0 0 0
3966 4 1 1 2 0 0 0 0 0
3967 4 0 0 0 0 0 0 0 0
3972 4 0 0 0 0 0 0 0 0
3976 16 1 1 0 0 0 0 0 0
3979 19 1 1 5 0 0 0 0 0
4076 2 0 0 2 0 0 0 0 0
4077 4 1 1 2 0 0 0 0 0
4079 7 0 0 0 0 0 1 0 0
4081 1 0 0 0 0 0 0 0 0
4082 1 0 0 0 0 0 0 0 0
4083 1 0 0 0 0 0 1 0 0
4084 8 1 1 0 0 0 1 0 0
4086 3 0 0 0 0 0 1 0 0
4089 1 0 0 0 0 0 0 0 0
4096 3 0 0 1 0 0 0 0 0
4111 4 2 2 0 0 0 1 0 0
4112 2 0 0 0 0 0 0 0 0
4117 19 1 1 14 0 0 0 0 0
fn=malloc
2967 4 1 1 2 1 0 1 0 0
3012 10 1 1 0 0 0 8 0 0
3017 4 0 0 4 2 0 0 0 0
3018 4 0 0 0 0 0 0 0 0
3019 2 1 1 1 0 0 0 0 0
3023 9 1 1 0 0 0 0 0 0
3024 4 0 0 0 0 0 0 0 0
3026 4 0 0 2 1 0 0 0 0
3029 2 1 1 1 0 0 0 0 0
3031 5 0 0 1 0 0 0 0 0
3032 3 0 0 1 0 0 0 0 0
3039 4 1 1 1 0 0 0 0 0
3041 4 0 0 0 0 0 1 0 0
3042 7 1 1 1 0 0 0 0 0
3065 12 1 1 9 0 0 0 0 0
fn=ptmalloc_init.part.0
1798 5 0 0 1 0 0 0 0 0
1800 1010 1 1 0 0 0 0 0 0
1801 255 1 1 0 0 0 127 33 32
1809 3 0 0 1 0 0 2 1 1
1810 1 1 1 0 0 0 1 1 1
1812 2 0 0 0 0 0 1 0 0
fn=sysmalloc
2258 8 1 1 0 0 0 6 0 0
2278 2 0 0 2 0 0 0 0 0
2289 2 0 0 0 0 0 0 0 0
2290 4 1 1 1 1 1 0 0 0
2305 4 0 0 0 0 0 1 0 0
2371 1 0 0 1 0 0 0 0 0
2372 3 0 0 1 0 0 0 0 0
2373 1 0 0 0 0 0 0 0 0
2382 4 0 0 0 0 0 0 0 0
2388 4 1 1 0 0 0 1 0 0
2391 3 0 0 0 0 0 0 0 0
2444 2 1 1 1 0 0 0 0 0
2452 2 0 0 1 0 0 0 0 0
2453 1 0 0 0 0 0 0 0 0
2463 4 0 0 0 0 0 0 0 0
2471 2 1 1 0 0 0 0 0 0
2473 6 0 0 2 2 0 3 0 0
2474 1 0 0 0 0 0 0 0 0
2477 4 0 0 2 0 0 0 0 0
2480 4 0 0 2 1 0 0 0 0
2481 2 1 1 0 0 0 0 0 0
2527 2 0 0 1 0 0 0 0 0
2528 2 1 1 0 0 0 1 0 0
2529 3 0 0 1 0 0 1 0 0
2535 2 0 0 0 0 0 0 0 0
2538 4 2 2 1 0 0 0 0 0
2572 2 0 0 0 0 0 0 0 0
2578 3 0 0 0 0 0 0 0 0
2600 2 1 1 0 0 0 0 0 0
2601 5 0 0 0 0 0 0 0 0
2603 1 0 0 0 0 0 0 0 0
2604 2 0 0 2 0 0 1 0 0
2616 2 0 0 0 0 0 0 0 0
2624 2 0 0 2 0 0 0 0 0
2625 5 1 1 2 0 0 0 0 0
2661 3 1 1 0 0 0 1 0 0
2663 1 0 0 0 0 0 1 0 0
2664 4 0 0 0 0 0 1 1 1
2665 1 0 0 0 0 0 1 0 0
2676 2 0 0 0 0 0 0 0 0
2708 2 1 1 1 0 0 0 0 0
2709 1 0 0 0 0 0 1 0 0
2714 2 0 0 1 0 0 0 0 0
2717 2 0 0 1 0 0 0 0 0
2719 3 1 1 0 0 0 0 0 0
2720 1 0 0 0 0 0 0 0 0
2721 3 0 0 0 0 0 1 0 0
2722 3 0 0 0 0 0 1 0 0
2723 2 0 0 0 0 0 1 1 1
2725 2 0 0 0 0 0 0 0 0
2731 9 1 1 7 0 0 0 0 0
fn=tcache_init.part.5
2961 1 0 0 0 0 0 1 0 0
2970 10 2 2 4 1 0 0 0 0
2971 4 0 0 0 0 0 1 0 0
2972 2 1 1 0 0 0 0 0 0
2980 4 0 0 2 0 0 0 0 0
2987 2 0 0 0 0 0 0 0 0
2989 2 1 1 1 0 0 1 0 0
2990 80 0 0 0 0 0 73 8 8
2993 2 0 0 2 0 0 0 0 0
fl=/build/glibc-B9XfQf/glibc-2.28/malloc/morecore.c
fn=__default_morecore
46 2 1 1 0 0 0 0 0 0
47 2 0 0 0 0 0 2 0 0
49 6 0 0 0 0 0 0 0 0
52 4 0 0 2 0 0 0 0 0
fl=/build/glibc-B9XfQf/glibc-2.28/malloc/scratch_buffer_set_array_size.c
fn=__libc_scratch_buffer_set_array_size
30 8 0 0 0 0 0 6 0 0
31 4 0 0 0 0 0 0 0 0
34 4 1 1 0 0 0 0 0 0
35 4 0 0 0 0 0 0 0 0
45 4 0 0 2 0 0 0 0 0
46 2 0 0 0 0 0 0 0 0
63 8 1 1 8 0 0 0 0 0
fl=/build/glibc-B9XfQf/glibc-2.28/misc/../sysdeps/unix/syscall-template.S
fn=mprotect
78 20 1 1 0 0 0 0 0 0
79 5 0 0 5 0 0 0 0 0
fn=munmap
78 4 0 0 0 0 0 0 0 0
79 1 0 0 1 0 0 0 0 0
fl=/build/glibc-B9XfQf/glibc-2.28/misc/../sysdeps/unix/sysv/linux/mmap64.c
fn=mmap
41 132 0 0 0 0 0 66 2 2
44 22 1 1 0 0 0 0 0 0
47 30 1 1 0 0 0 0 0 0
52 110 0 0 0 0 0 0 0 0
54 77 0 0 77 0 0 0 0 0
fl=/build/glibc-B9XfQf/glibc-2.28/misc/../sysdeps/unix/sysv/linux/x86_64/brk.c
fn=brk
31 12 1 1 2 0 0 2 0 0
33 4 0 0 0 0 0 0 0 0
39 2 0 0 0 0 0 0 0 0
40 2 1 1 2 0 0 0 0 0
fl=/build/glibc-B9XfQf/glibc-2.28/misc/init-misc.c
fn=__init_misc
30 3 0 0 0 0 0 2 0 0
31 6 1 1 1 0 0 0 0 0
33 3 0 0 0 0 0 1 0 0
37 5 1 1 1 1 0 1 1 0
38 3 0 0 2 0 0 1 0 0
40 4 0 0 3 0 0 0 0 0
fl=/build/glibc-B9XfQf/glibc-2.28/misc/sbrk.c
fn=sbrk
32 8 1 1 0 0 0 6 0 0
40 11 0 0 5 2 0 0 0 0
41 6 1 1 1 0 0 1 0 0
44 4 0 0 0 0 0 0 0 0
48 6 0 0 0 0 0 0 0 0
56 4 1 1 0 0 0 1 0 0
60 10 0 0 8 0 0 0 0 0
fl=/build/glibc-B9XfQf/glibc-2.28/nptl/register-atfork.c
fn=__unregister_atfork
68 4 0 0 0 0 0 0 0 0
79 2 1 1 0 0 0 0 0 0
80 12 0 0 4 1 1 0 0 0
82 2 1 1 2 0 0 0 0 0
106 8 1 1 4 0 0 0 0 0
107 2 0 0 2 0 0 0 0 0
fl=/build/glibc-B9XfQf/glibc-2.28/posix/../sysdeps/unix/syscall-template.S
fn=uname
78 4 1 1 0 0 0 0 0 0
79 1 0 0 1 0 0 0 0 0
fl=/build/glibc-B9XfQf/glibc-2.28/posix/../sysdeps/unix/sysv/linux/_exit.c
fn=_Exit
27 1 1 1 0 0 0 0 0 0
31 4 1 1 0 0 0 0 0 0
33 3 0 0 1 0 0 0 0 0
fl=/build/glibc-B9XfQf/glibc-2.28/setjmp/../sysdeps/x86_64/bsd-_setjmp.S
fn=_setjmp
30 1 1 1 0 0 0 0 0 0
32 1 0 0 0 0 0 0 0 0
fl=/build/glibc-B9XfQf/glibc-2.28/setjmp/../sysdeps/x86_64/setjmp.S
fn=__sigsetjmp
32 4 2 2 0 0 0 4 0 0
41 4 0 0 0 0 0 0 0 0
42 8 0 0 4 0 0 0 0 0
43 4 0 0 0 0 0 4 0 0
47 4 0 0 0 0 0 4 0 0
48 4 0 0 0 0 0 4 0 0
49 4 0 0 0 0 0 4 1 1
50 4 0 0 0 0 0 4 0 0
51 4 0 0 0 0 0 0 0 0
53 8 2 2 4 0 0 0 0 0
55 4 0 0 0 0 0 4 0 0
56 4 0 0 4 0 0 0 0 0
57 4 0 0 0 0 0 0 0 0
59 8 0 0 4 0 0 0 0 0
61 4 0 0 0 0 0 4 0 0
80 3 0 0 0 0 0 0 0 0
81 3 0 0 3 0 0 0 0 0
84 1 0 0 0 0 0 0 0 0
fl=/build/glibc-B9XfQf/glibc-2.28/setjmp/sigjmp.c
fn=__sigjmp_save
28 2 0 0 0 0 0 1 0 0
29 3 0 0 0 0 0 1 0 0
34 3 0 0 2 0 0 0 0 0
fl=/build/glibc-B9XfQf/glibc-2.28/stdlib/cxa_atexit.c
fn=__cxa_atexit
39 7 0 0 2 2 2 0 0 0
40 2 1 1 0 0 0 1 0 0
42 2 0 0 0 0 0 0 0 0
49 3 1 1 1 0 0 0 0 0
51 1 0 0 0 0 0 1 0 0
52 4 0 0 2 0 0 2 0 0
54 1 0 0 0 0 0 1 0 0
55 4 0 0 2 0 0 0 0 0
56 1 0 0 0 0 0 0 0 0
65 7 1 1 0 0 0 4 0 0
67 5 0 0 4 0 0 0 0 0
fn=__new_exitfn
78 4 0 0 0 0 0 2 0 0
79 2 0 0 0 0 0 0 0 0
84 2 1 1 1 1 0 0 0 0
89 7 1 1 2 1 0 0 0 0
91 3 0 0 1 1 0 0 0 0
99 2 0 0 0 0 0 1 0 0
120 1 1 1 0 0 0 0 0 0
121 2 0 0 0 0 0 1 0 0
134 1 1 1 0 0 0 1 0 0
135 1 0 0 1 0 0 0 0 0
139 4 0 0 3 0 0 0 0 0
fl=/build/glibc-B9XfQf/glibc-2.28/stdlib/cxa_finalize.c
fn=__cxa_finalize
30 16 1 1 0 0 0 12 0 0
33 14 0 0 4 0 0 0 0 0
36 12 2 2 4 0 0 0 0 0
40 14 0 0 2 0 0 0 0 0
94 14 0 0 4 0 0 0 0 0
98 12 1 1 2 1 1 0 0 0
106 4 0 0 0 0 0 0 0 0
107 4 0 0 0 0 0 2 0 0
109 8 1 1 4 0 0 0 0 0
110 16 0 0 14 0 0 0 0 0
fl=/build/glibc-B9XfQf/glibc-2.28/stdlib/cxa_thread_atexit_impl.c
fn=__call_tls_dtors
145 3 1 1 0 0 0 2 0 0
146 4 0 0 2 0 0 0 0 0
164 4 1 1 3 0 0 0 0 0
fl=/build/glibc-B9XfQf/glibc-2.28/stdlib/exit.c
fn=__run_exit_handlers
40 10 2 2 0 0 0 7 0 0
45 3 0 0 0 0 0 0 0 0
46 2 1 1 0 0 0 1 0 0
53 1 0 0 0 0 0 0 0 0
56 14 0 0 4 1 0 0 0 0
59 2 1 1 2 1 0 0 0 0
61 5 0 0 0 0 0 0 0 0
65 1 0 0 0 0 0 1 1 0
66 4 1 1 2 0 0 0 0 0
70 6 1 1 2 1 0 0 0 0
72 2 1 1 0 0 0 1 0 0
73 1 0 0 1 0 0 0 0 0
76 4 0 0 2 0 0 0 0 0
77 8 1 1 1 0 0 0 0 0
103 1 0 0 0 0 0 1 0 0
106 3 0 0 2 0 0 0 0 0
108 3 0 0 1 0 0 1 0 0
109 1 0 0 0 0 0 0 0 0
112 6 0 0 2 0 0 0 0 0
114 2 0 0 1 0 0 0 0 0
120 2 1 1 1 0 0 1 0 0
121 2 0 0 0 0 0 0 0 0
126 4 1 1 2 0 0 0 0 0
129 2 0 0 1 0 0 0 0 0
130 13 0 0 1 1 0 1 0 0
132 2 0 0 0 0 0 1 0 0
fn=exit
138 1 1 1 0 0 0 0 0 0
139 4 0 0 0 0 0 1 0 0
fl=/build/glibc-B9XfQf/glibc-2.28/string/../bits/stdlib-bsearch.h
fn=intel_check_word.isra.0
27 24 0 0 0 0 0 0 0 0
28 12 0 0 0 0 0 0 0 0
29 288 0 0 0 0 0 0 0 0
31 162 0 0 0 0 0 0 0 0
32 81 0 0 0 0 0 0 0 0
37 15 1 1 0 0 0 0 0 0
fl=/build/glibc-B9XfQf/glibc-2.28/string/../sysdeps/x86/cacheinfo.c
fn=handle_intel.constprop.1
259 30 1 1 3 0 0 21 0 0
261 3 0 0 3 0 0 0 0 0
264 9 1 1 3 0 0 0 0 0
270 6 0 0 0 0 0 3 0 0
272 3 0 0 0 0 0 3 0 0
273 3 0 0 0 0 0 3 0 0
275 9 0 0 0 0 0 0 0 0
281 15 1 1 0 0 0 6 0 0
286 6 0 0 0 0 0 0 0 0
288 6 0 0 0 0 0 3 0 0
289 3 0 0 0 0 0 0 0 0
293 18 0 0 0 0 0 3 0 0
295 6 0 0 0 0 0 0 0 0
298 21 1 1 0 0 0 3 0 0
300 6 0 0 0 0 0 0 0 0
319 33 1 1 27 0 0 0 0 0
fn=init_cacheinfo
488 7 1 1 0 0 0 6 0 0
500 2 1 1 1 0 0 1 0 0
502 6 0 0 4 0 0 0 0 0
504 3 1 1 0 0 0 1 0 0
506 3 0 0 0 0 0 2 0 0
510 1 0 0 0 0 0 1 0 0
511 3 0 0 0 0 0 1 0 0
519 2 0 0 0 0 0 0 0 0
530 1 0 0 0 0 0 0 0 0
535 3 1 1 1 0 0 0 0 0
539 2 0 0 1 0 0 0 0 0
547 9 0 0 0 0 0 0 0 0
550 20 1 1 0 0 0 0 0 0
556 8 0 0 0 0 0 0 0 0
559 20 0 0 0 0 0 0 0 0
564 2 1 1 0 0 0 0 0 0
568 3 0 0 0 0 0 0 0 0
569 2 0 0 0 0 0 0 0 0
573 2 0 0 0 0 0 0 0 0
577 3 0 0 0 0 0 0 0 0
580 3 0 0 0 0 0 0 0 0
581 1 0 0 0 0 0 0 0 0
586 8 0 0 0 0 0 0 0 0
592 2 1 1 1 0 0 0 0 0
600 9 1 1 1 0 0 0 0 0
602 7 0 0 0 0 0 0 0 0
604 7 0 0 0 0 0 0 0 0
606 6 0 0 0 0 0 0 0 0
609 2 0 0 0 0 0 0 0 0
610 8 0 0 0 0 0 0 0 0
612 4 0 0 0 0 0 0 0 0
615 2 1 1 0 0 0 0 0 0
620 1 0 0 0 0 0 0 0 0
622 4 0 0 0 0 0 0 0 0
623 2 0 0 0 0 0 0 0 0
624 2 0 0 0 0 0 0 0 0
627 2 0 0 0 0 0 0 0 0
630 2 1 1 0 0 0 0 0 0
633 1 0 0 0 0 0 0 0 0
634 2 0 0 1 0 0 0 0 0
637 1 0 0 0 0 0 0 0 0
639 4 1 1 0 0 0 0 0 0
640 1 0 0 0 0 0 0 0 0
645 2 0 0 0 0 0 0 0 0
651 2 0 0 0 0 0 0 0 0
652 2 0 0 0 0 0 0 0 0
653 1 0 0 0 0 0 0 0 0
654 2 0 0 1 0 0 0 0 0
691 4 1 1 0 0 0 0 0 0
692 5 0 0 0 0 0 0 0 0
696 2 0 0 0 0 0 0 0 0
755 2 0 0 0 0 0 0 0 0
758 2 1 1 0 0 0 0 0 0
760 3 0 0 0 0 0 1 0 0
761 1 0 0 0 0 0 1 1 1
763 1 0 0 0 0 0 0 0 0
764 3 0 0 0 0 0 1 0 0
765 1 0 0 0 0 0 1 0 0
768 2 1 1 0 0 0 0 0 0
771 2 0 0 0 0 0 0 0 0
773 3 0 0 0 0 0 1 0 0
774 1 0 0 0 0 0 1 1 1
776 1 0 0 0 0 0 0 0 0
777 3 0 0 0 0 0 1 0 0
778 1 0 0 0 0 0 1 0 0
786 2 0 0 1 0 0 1 1 1
788 8 0 0 1 0 0 0 0 0
789 8 0 0 7 0 0 0 0 0
fn=intel_check_word.isra.0
119 162 0 0 81 6 6 0 0 0
122 81 0 0 0 0 0 0 0 0
128 36 0 0 0 0 0 24 0 0
132 12 1 1 0 0 0 0 0 0
134 3 0 0 0 0 0 0 0 0
138 42 0 0 0 0 0 0 0 0
140 48 1 1 0 0 0 0 0 0
142 15 0 0 0 0 0 0 0 0
144 30 0 0 0 0 0 0 0 0
152 30 0 0 0 0 0 0 0 0
161 13 0 0 0 0 0 0 0 0
164 29 1 1 0 0 0 0 0 0
167 24 0 0 0 0 0 0 0 0
171 16 1 1 0 0 0 0 0 0
173 36 0 0 0 0 0 0 0 0
175 14 0 0 0 0 0 0 0 0
177 10 0 0 0 0 0 0 0 0
178 6 0 0 0 0 0 0 0 0
179 2 0 0 0 0 0 0 0 0
181 3 1 1 0 0 0 0 0 0
183 6 0 0 0 0 0 0 0 0
185 9 1 1 0 0 0 0 0 0
186 12 1 1 0 0 0 0 0 0
187 9 0 0 0 0 0 0 0 0
188 15 0 0 0 0 0 0 0 0
196 5 0 0 0 0 0 0 0 0
203 24 0 0 0 0 0 0 0 0
225 12 1 1 0 0 0 0 0 0
255 36 1 1 30 0 0 0 0 0
fl=/build/glibc-B9XfQf/glibc-2.28/string/../sysdeps/x86_64/multiarch/../strchr.S
fn=index
24 5 1 1 0 0 0 0 0 0
25 5 0 0 0 0 0 0 0 0
26 5 0 0 0 0 0 0 0 0
27 5 0 0 0 0 0 0 0 0
28 5 0 0 0 0 0 0 0 0
29 5 0 0 0 0 0 0 0 0
30 5 0 0 0 0 0 0 0 0
31 5 1 1 0 0 0 0 0 0
32 5 0 0 5 2 2 0 0 0
33 5 0 0 0 0 0 0 0 0
34 5 0 0 0 0 0 0 0 0
35 5 0 0 0 0 0 0 0 0
36 5 0 0 0 0 0 0 0 0
37 5 0 0 0 0 0 0 0 0
38 5 0 0 0 0 0 0 0 0
39 5 0 0 0 0 0 0 0 0
40 5 0 0 0 0 0 0 0 0
41 3 0 0 0 0 0 0 0 0
45 3 0 0 0 0 0 0 0 0
46 3 0 0 0 0 0 0 0 0
47 3 0 0 3 0 0 0 0 0
48 3 0 0 0 0 0 0 0 0
50 3 0 0 3 0 0 0 0 0
54 2 0 0 2 0 0 0 0 0
55 2 1 1 0 0 0 0 0 0
56 2 0 0 0 0 0 0 0 0
57 2 0 0 0 0 0 0 0 0
58 2 0 0 0 0 0 0 0 0
59 2 0 0 0 0 0 0 0 0
60 2 0 0 2 0 0 0 0 0
61 2 0 0 0 0 0 0 0 0
62 2 0 0 0 0 0 0 0 0
63 2 0 0 0 0 0 0 0 0
64 2 0 0 0 0 0 0 0 0
65 2 0 0 0 0 0 0 0 0
66 2 0 0 0 0 0 0 0 0
67 2 0 0 2 0 0 0 0 0
68 2 0 0 0 0 0 0 0 0
69 2 0 0 0 0 0 0 0 0
70 2 0 0 0 0 0 0 0 0
71 2 1 1 0 0 0 0 0 0
72 2 0 0 0 0 0 0 0 0
73 2 0 0 0 0 0 0 0 0
74 2 0 0 0 0 0 0 0 0
75 2 0 0 0 0 0 0 0 0
76 2 0 0 0 0 0 0 0 0
77 2 0 0 0 0 0 0 0 0
129 2 1 1 0 0 0 0 0 0
133 2 0 0 0 0 0 0 0 0
134 2 0 0 0 0 0 0 0 0
135 2 0 0 2 0 0 0 0 0
136 2 0 0 0 0 0 0 0 0
138 2 0 0 2 0 0 0 0 0
fl=/build/glibc-B9XfQf/glibc-2.28/string/../sysdeps/x86_64/multiarch/../strlen.S
fn=strlen
79 11 1 1 0 0 0 0 0 0
80 11 0 0 0 0 0 0 0 0
81 11 0 0 0 0 0 0 0 0
82 11 0 0 0 0 0 0 0 0
83 11 0 0 0 0 0 0 0 0
84 11 0 0 0 0 0 0 0 0
85 11 0 0 0 0 0 0 0 0
87 11 0 0 0 0 0 0 0 0
89 11 0 0 0 0 0 0 0 0
120 11 0 0 11 3 3 0 0 0
121 11 0 0 0 0 0 0 0 0
122 11 0 0 0 0 0 0 0 0
123 11 0 0 0 0 0 0 0 0
124 11 0 0 0 0 0 0 0 0
125 5 0 0 0 0 0 0 0 0
127 5 0 0 5 0 0 0 0 0
131 6 0 0 0 0 0 0 0 0
132 6 1 1 6 0 0 0 0 0
133 6 0 0 6 0 0 0 0 0
134 6 0 0 6 1 1 0 0 0
135 6 0 0 0 0 0 0 0 0
136 6 0 0 0 0 0 0 0 0
137 6 0 0 0 0 0 0 0 0
138 6 0 0 0 0 0 0 0 0
139 6 0 0 0 0 0 0 0 0
140 6 0 0 0 0 0 0 0 0
141 6 0 0 0 0 0 0 0 0
142 6 0 0 0 0 0 0 0 0
147 48 1 1 6 0 0 0 0 0
fl=/build/glibc-B9XfQf/glibc-2.28/string/../sysdeps/x86_64/multiarch/ifunc-avx2.h
fn=memchr
30 4 0 0 0 0 0 0 0 0
32 3 1 1 2 0 0 0 0 0
fn=memrchr
30 4 0 0 0 0 0 0 0 0
32 3 1 1 2 0 0 0 0 0
fn=rawmemchr
30 4 0 0 0 0 0 0 0 0
32 3 1 1 2 0 0 0 0 0
fn=rindex
30 4 1 1 0 0 0 0 0 0
32 3 0 0 2 0 0 0 0 0
fn=strchrnul
30 4 0 0 0 0 0 0 0 0
32 3 1 1 2 0 0 0 0 0
fn=strlen
30 4 0 0 0 0 0 0 0 0
32 3 0 0 2 0 0 0 0 0
fn=strnlen
30 8 0 0 0 0 0 0 0 0
32 6 2 2 4 0 0 0 0 0
fl=/build/glibc-B9XfQf/glibc-2.28/string/../sysdeps/x86_64/multiarch/ifunc-memcmp.h
fn=bcmp
32 2 0 0 0 0 0 0 0 0
33 5 1 1 3 0 0 0 0 0
34 2 0 0 0 0 0 0 0 0
35 3 0 0 0 0 0 0 0 0
fl=/build/glibc-B9XfQf/glibc-2.28/string/../sysdeps/x86_64/multiarch/ifunc-memmove.h
fn=memcpy@@GLIBC_2.14
44 3 0 0 0 0 0 0 0 0
45 2 1 1 2 0 0 0 0 0
48 2 0 0 0 0 0 0 0 0
49 2 1 1 0 0 0 0 0 0
60 2 0 0 0 0 0 0 0 0
62 5 0 0 2 0 0 0 0 0
fn=memmove
44 6 0 0 0 0 0 0 0 0
45 4 2 2 4 1 0 0 0 0
48 4 0 0 0 0 0 0 0 0
49 4 0 0 0 0 0 0 0 0
60 4 0 0 0 0 0 0 0 0
62 10 0 0 4 1 0 0 0 0
fn=mempcpy
44 3 0 0 0 0 0 0 0 0
45 2 1 1 2 0 0 0 0 0
48 2 0 0 0 0 0 0 0 0
49 2 1 1 0 0 0 0 0 0
60 2 0 0 0 0 0 0 0 0
62 5 0 0 2 0 0 0 0 0
fl=/build/glibc-B9XfQf/glibc-2.28/string/../sysdeps/x86_64/multiarch/ifunc-memset.h
fn=memset
42 5 1 1 2 0 0 0 0 0
45 2 0 0 0 0 0 0 0 0
46 2 0 0 0 0 0 0 0 0
57 4 0 0 1 0 0 0 0 0
59 5 1 1 1 0 0 0 0 0
fl=/build/glibc-B9XfQf/glibc-2.28/string/../sysdeps/x86_64/multiarch/ifunc-sse4_2.h
fn=strcspn
30 5 1 1 2 0 0 0 0 0
fn=strpbrk
30 5 0 0 2 0 0 0 0 0
fn=strspn
30 5 2 2 2 0 0 0 0 0
fl=/build/glibc-B9XfQf/glibc-2.28/string/../sysdeps/x86_64/multiarch/ifunc-strcasecmp.h
fn=strcasecmp
32 5 1 1 2 0 0 0 0 0
fn=strcasecmp_l
32 5 1 1 2 0 0 0 0 0
fn=strncasecmp
32 5 0 0 2 0 0 0 0 0
fn=strncasecmp_l
32 5 1 1 2 0 0 0 0 0
fl=/build/glibc-B9XfQf/glibc-2.28/string/../sysdeps/x86_64/multiarch/ifunc-unaligned-ssse3.h
fn=stpcpy
33 4 1 1 2 0 0 0 0 0
36 4 0 0 1 0 0 0 0 0
fn=stpncpy
33 4 1 1 2 0 0 0 0 0
36 4 0 0 1 0 0 0 0 0
fn=strcat
33 4 1 1 2 0 0 0 0 0
36 4 1 1 1 0 0 0 0 0
fn=strcpy
33 4 0 0 2 0 0 0 0 0
36 4 0 0 1 0 0 0 0 0
fn=strncpy
33 4 2 2 2 0 0 0 0 0
36 4 0 0 1 0 0 0 0 0
fl=/build/glibc-B9XfQf/glibc-2.28/string/../sysdeps/x86_64/multiarch/memchr.c
fn=memchr
29 1 0 0 1 0 0 0 0 0
fl=/build/glibc-B9XfQf/glibc-2.28/string/../sysdeps/x86_64/multiarch/memcmp.c
fn=bcmp
29 1 0 0 1 0 0 0 0 0
fl=/build/glibc-B9XfQf/glibc-2.28/string/../sysdeps/x86_64/multiarch/memmove-vec-unaligned-erms.S
fn=memcpy
128 12 1 1 0 0 0 0 0 0
130 20 0 0 0 0 0 0 0 0
131 20 0 0 0 0 0 0 0 0
132 11 0 0 0 0 0 0 0 0
133 11 0 0 0 0 0 0 0 0
138 7 0 0 7 0 0 0 0 0
139 7 0 0 7 0 0 0 0 0
140 7 0 0 0 0 0 7 2 2
141 7 0 0 0 0 0 7 1 1
146 7 0 0 7 0 0 0 0 0
272 9 0 0 0 0 0 0 0 0
273 9 0 0 0 0 0 0 0 0
274 6 0 0 0 0 0 0 0 0
275 6 0 0 0 0 0 0 0 0
276 3 0 0 0 0 0 0 0 0
277 3 0 0 0 0 0 0 0 0
278 1 1 1 0 0 0 0 0 0
279 1 0 0 1 0 0 0 0 0
280 1 0 0 0 0 0 1 1 1
282 1 0 0 1 0 0 0 0 0
304 3 0 0 3 0 0 0 0 0
305 3 0 0 3 0 0 0 0 0
306 3 0 0 0 0 0 3 1 1
307 3 0 0 0 0 0 3 0 0
308 3 0 0 3 0 0 0 0 0
311 3 0 0 3 0 0 0 0 0
312 3 0 0 3 0 0 0 0 0
313 3 0 0 0 0 0 3 1 1
314 3 0 0 0 0 0 3 0 0
315 3 0 0 3 0 0 0 0 0
318 2 0 0 2 1 1 0 0 0
319 2 0 0 2 0 0 0 0 0
320 2 0 0 0 0 0 2 1 1
321 2 0 0 0 0 0 2 0 0
322 2 0 0 2 0 0 0 0 0
332 4 0 0 0 0 0 0 0 0
333 4 0 0 0 0 0 0 0 0
334 4 1 1 0 0 0 0 0 0
335 4 0 0 0 0 0 0 0 0
357 4 1 1 4 0 0 0 0 0
358 4 0 0 4 0 0 0 0 0
359 4 0 0 4 0 0 0 0 0
360 4 0 0 4 0 0 0 0 0
361 4 0 0 0 0 0 4 3 3
362 4 0 0 0 0 0 4 0 0
363 4 0 0 0 0 0 4 2 2
364 4 0 0 0 0 0 4 0 0
366 4 0 0 4 0 0 0 0 0
fn=mempcpy
115 8 0 0 0 0 0 0 0 0
116 8 0 0 0 0 0 0 0 0
117 8 0 0 0 0 0 0 0 0
fl=/build/glibc-B9XfQf/glibc-2.28/string/../sysdeps/x86_64/multiarch/memrchr.c
fn=memrchr
29 1 0 0 1 0 0 0 0 0
fl=/build/glibc-B9XfQf/glibc-2.28/string/../sysdeps/x86_64/multiarch/memset-vec-unaligned-erms.S
fn=memset
109 65 2 2 0 0 0 0 0 0
111 13 0 0 0 0 0 0 0 0
112 13 0 0 0 0 0 0 0 0
113 6 0 0 0 0 0 0 0 0
114 6 0 0 0 0 0 0 0 0
116 4 0 0 0 0 0 4 2 2
117 4 0 0 0 0 0 4 0 0
119 4 0 0 4 0 0 0 0 0
180 2 0 0 0 0 0 0 0 0
181 2 0 0 0 0 0 0 0 0
191 2 0 0 0 0 0 0 0 0
192 2 1 1 0 0 0 2 2 2
193 2 0 0 0 0 0 0 0 0
194 2 0 0 0 0 0 2 2 2
195 2 0 0 0 0 0 2 0 0
196 2 0 0 0 0 0 2 0 0
197 2 0 0 0 0 0 2 1 1
198 2 0 0 0 0 0 2 0 0
199 2 0 0 0 0 0 2 0 0
200 2 0 0 0 0 0 2 0 0
201 2 0 0 0 0 0 0 0 0
202 2 0 0 0 0 0 0 0 0
203 2 0 0 0 0 0 0 0 0
204 2 0 0 0 0 0 0 0 0
206 31 0 0 0 0 0 31 28 28
207 31 0 0 0 0 0 31 0 0
208 31 0 0 0 0 0 31 0 0
209 31 0 0 0 0 0 31 0 0
210 31 0 0 0 0 0 0 0 0
211 31 0 0 0 0 0 0 0 0
212 31 0 0 0 0 0 0 0 0
213 2 0 0 2 0 0 0 0 0
228 7 1 1 0 0 0 0 0 0
229 7 0 0 0 0 0 0 0 0
230 7 0 0 0 0 0 0 0 0
231 6 0 0 0 0 0 0 0 0
232 6 0 0 0 0 0 0 0 0
233 2 0 0 0 0 0 0 0 0
234 2 0 0 0 0 0 0 0 0
258 1 0 0 0 0 0 1 1 1
259 1 0 0 0 0 0 1 0 0
261 1 0 0 1 0 0 0 0 0
264 4 0 0 0 0 0 4 0 0
265 4 0 0 0 0 0 4 0 0
267 4 1 1 4 0 0 0 0 0
270 2 0 0 0 0 0 2 0 0
271 2 0 0 0 0 0 2 0 0
273 2 0 0 2 0 0 0 0 0
fl=/build/glibc-B9XfQf/glibc-2.28/string/../sysdeps/x86_64/multiarch/rawmemchr.c
fn=rawmemchr
31 1 0 0 1 0 0 0 0 0
fl=/build/glibc-B9XfQf/glibc-2.28/string/../sysdeps/x86_64/multiarch/stpcpy.c
fn=stpcpy
33 1 0 0 1 0 0 0 0 0
fl=/build/glibc-B9XfQf/glibc-2.28/string/../sysdeps/x86_64/multiarch/stpncpy.c
fn=stpncpy
31 1 0 0 1 0 0 0 0 0
fl=/build/glibc-B9XfQf/glibc-2.28/string/../sysdeps/x86_64/multiarch/strcasecmp.c
fn=strcasecmp
31 1 1 1 1 0 0 0 0 0
fl=/build/glibc-B9XfQf/glibc-2.28/string/../sysdeps/x86_64/multiarch/strcasecmp_l.c
fn=strcasecmp_l
31 1 0 0 1 0 0 0 0 0
fl=/build/glibc-B9XfQf/glibc-2.28/string/../sysdeps/x86_64/multiarch/strcat.c
fn=strcat
29 1 0 0 1 0 0 0 0 0
fl=/build/glibc-B9XfQf/glibc-2.28/string/../sysdeps/x86_64/multiarch/strchr.c
fn=index
38 3 0 0 0 0 0 0 0 0
40 4 0 0 2 0 0 0 0 0
49 1 0 0 1 0 0 0 0 0
fl=/build/glibc-B9XfQf/glibc-2.28/string/../sysdeps/x86_64/multiarch/strchrnul.c
fn=strchrnul
31 1 0 0 1 0 0 0 0 0
fl=/build/glibc-B9XfQf/glibc-2.28/string/../sysdeps/x86_64/multiarch/strcmp.c
fn=strcmp
39 3 0 0 0 0 0 0 0 0
41 4 1 1 2 0 0 0 0 0
53 1 1 1 1 0 0 0 0 0
fl=/build/glibc-B9XfQf/glibc-2.28/string/../sysdeps/x86_64/multiarch/strcpy.c
fn=strcpy
29 1 0 0 1 0 0 0 0 0
fl=/build/glibc-B9XfQf/glibc-2.28/string/../sysdeps/x86_64/multiarch/strcspn.c
fn=strcspn
29 1 0 0 1 0 0 0 0 0
fl=/build/glibc-B9XfQf/glibc-2.28/string/../sysdeps/x86_64/multiarch/strlen.c
fn=strlen
29 1 0 0 1 0 0 0 0 0
fl=/build/glibc-B9XfQf/glibc-2.28/string/../sysdeps/x86_64/multiarch/strncase.c
fn=strncasecmp
31 1 1 1 1 0 0 0 0 0
fl=/build/glibc-B9XfQf/glibc-2.28/string/../sysdeps/x86_64/multiarch/strncase_l.c
fn=strncasecmp_l
31 1 1 1 1 0 0 0 0 0
fl=/build/glibc-B9XfQf/glibc-2.28/string/../sysdeps/x86_64/multiarch/strncmp.c
fn=strncmp
39 3 0 0 0 0 0 0 0 0
41 4 1 1 2 0 0 0 0 0
54 1 0 0 1 0 0 0 0 0
fl=/build/glibc-B9XfQf/glibc-2.28/string/../sysdeps/x86_64/multiarch/strncpy.c
fn=strncpy
29 1 0 0 1 0 0 0 0 0
fl=/build/glibc-B9XfQf/glibc-2.28/string/../sysdeps/x86_64/multiarch/strnlen.c
fn=strnlen
31 2 0 0 2 0 0 0 0 0
fl=/build/glibc-B9XfQf/glibc-2.28/string/../sysdeps/x86_64/multiarch/strpbrk.c
fn=strpbrk
29 1 0 0 1 0 0 0 0 0
fl=/build/glibc-B9XfQf/glibc-2.28/string/../sysdeps/x86_64/multiarch/strrchr-avx2.S
fn=__strrchr_avx2
43 1 1 1 0 0 0 0 0 0
44 1 0 0 0 0 0 0 0 0
46 1 0 0 0 0 0 0 0 0
47 1 0 0 0 0 0 0 0 0
50 1 1 1 0 0 0 0 0 0
51 1 0 0 0 0 0 0 0 0
52 1 0 0 0 0 0 0 0 0
85 1 1 1 0 0 0 0 0 0
86 1 0 0 0 0 0 0 0 0
87 1 0 0 1 1 0 0 0 0
88 1 0 0 0 0 0 0 0 0
89 1 0 0 0 0 0 0 0 0
90 1 0 0 0 0 0 0 0 0
91 1 0 0 0 0 0 0 0 0
92 1 0 0 0 0 0 0 0 0
93 1 0 0 0 0 0 0 0 0
94 1 1 1 0 0 0 0 0 0
97 1 0 0 0 0 0 0 0 0
98 1 0 0 0 0 0 0 0 0
107 1 0 0 0 0 0 0 0 0
108 1 0 0 0 0 0 0 0 0
207 1 1 1 0 0 0 0 0 0
208 1 0 0 0 0 0 0 0 0
216 1 0 0 0 0 0 0 0 0
217 1 0 0 0 0 0 0 0 0
218 1 0 0 0 0 0 0 0 0
219 1 0 0 0 0 0 0 0 0
220 1 0 0 0 0 0 0 0 0
222 1 0 0 0 0 0 0 0 0
223 1 0 0 0 0 0 0 0 0
224 1 0 0 0 0 0 0 0 0
225 1 0 0 0 0 0 0 0 0
226 1 0 0 1 0 0 0 0 0
fl=/build/glibc-B9XfQf/glibc-2.28/string/../sysdeps/x86_64/multiarch/strrchr.c
fn=rindex
28 1 0 0 1 0 0 0 0 0
fl=/build/glibc-B9XfQf/glibc-2.28/string/../sysdeps/x86_64/multiarch/strspn.c
fn=strspn
29 1 0 0 1 0 0 0 0 0
fl=/build/glibc-B9XfQf/glibc-2.28/string/../sysdeps/x86_64/strcmp.S
fn=strcmp
144 186 1 1 0 0 0 0 0 0
145 186 0 0 0 0 0 0 0 0
147 186 0 0 0 0 0 0 0 0
148 186 0 0 0 0 0 0 0 0
169 186 0 0 0 0 0 0 0 0
170 186 0 0 0 0 0 0 0 0
171 175 0 0 0 0 0 0 0 0
172 175 0 0 0 0 0 0 0 0
173 118 0 0 118 9 8 0 0 0
174 118 0 0 118 1 1 0 0 0
175 118 1 1 118 0 0 0 0 0
176 118 0 0 118 0 0 0 0 0
197 118 0 0 0 0 0 0 0 0
198 118 0 0 0 0 0 0 0 0
199 118 0 0 0 0 0 0 0 0
200 118 0 0 0 0 0 0 0 0
201 118 0 0 0 0 0 0 0 0
202 118 0 0 0 0 0 0 0 0
203 118 0 0 0 0 0 0 0 0
208 3 0 0 0 0 0 0 0 0
209 3 0 0 0 0 0 0 0 0
218 71 0 0 0 0 0 0 0 0
219 71 0 0 0 0 0 0 0 0
220 71 0 0 0 0 0 0 0 0
221 71 0 0 0 0 0 0 0 0
222 71 1 1 0 0 0 0 0 0
223 71 0 0 0 0 0 0 0 0
224 71 0 0 0 0 0 0 0 0
225 71 0 0 0 0 0 0 0 0
226 68 0 0 0 0 0 0 0 0
227 23 0 0 0 0 0 0 0 0
228 23 0 0 0 0 0 0 0 0
229 23 0 0 0 0 0 0 0 0
231 68 0 0 0 0 0 0 0 0
232 68 0 0 0 0 0 0 0 0
233 68 0 0 0 0 0 0 0 0
234 68 0 0 68 7 2 0 0 0
235 68 0 0 0 0 0 0 0 0
236 68 0 0 0 0 0 0 0 0
246 3 0 0 3 0 0 0 0 0
247 3 0 0 0 0 0 0 0 0
248 3 0 0 0 0 0 0 0 0
250 3 0 0 3 2 2 0 0 0
256 3 1 1 0 0 0 0 0 0
257 3 0 0 0 0 0 0 0 0
258 3 0 0 0 0 0 0 0 0
259 3 0 0 0 0 0 0 0 0
260 3 0 0 0 0 0 0 0 0
265 3 0 0 0 0 0 0 0 0
267 2 0 0 0 0 0 0 0 0
268 2 0 0 0 0 0 0 0 0
269 4 0 0 0 0 0 0 0 0
277 2 0 0 2 0 0 0 0 0
278 2 0 0 2 0 0 0 0 0
281 2 0 0 0 0 0 0 0 0
282 2 1 1 0 0 0 0 0 0
283 2 0 0 0 0 0 0 0 0
284 2 0 0 0 0 0 0 0 0
285 2 0 0 0 0 0 0 0 0
286 2 0 0 0 0 0 0 0 0
292 1 0 0 0 0 0 0 0 0
293 1 0 0 1 0 0 0 0 0
294 1 0 0 1 1 1 0 0 0
297 1 0 0 0 0 0 0 0 0
298 1 0 0 0 0 0 0 0 0
299 1 0 0 0 0 0 0 0 0
300 1 0 0 0 0 0 0 0 0
301 1 0 0 0 0 0 0 0 0
302 1 0 0 0 0 0 0 0 0
317 1 1 1 0 0 0 0 0 0
318 1 0 0 1 0 0 0 0 0
319 1 0 0 1 0 0 0 0 0
320 1 0 0 0 0 0 0 0 0
321 1 0 0 0 0 0 0 0 0
323 1 0 0 0 0 0 0 0 0
324 1 0 0 0 0 0 0 0 0
325 1 0 0 0 0 0 0 0 0
326 1 0 0 0 0 0 0 0 0
327 1 0 0 0 0 0 0 0 0
328 1 0 0 0 0 0 0 0 0
329 1 0 0 0 0 0 0 0 0
330 1 1 1 1 0 0 0 0 0
333 1 0 0 0 0 0 0 0 0
334 1 0 0 0 0 0 0 0 0
335 1 0 0 0 0 0 0 0 0
341 1 0 0 0 0 0 0 0 0
342 1 0 0 0 0 0 0 0 0
343 2 0 0 0 0 0 0 0 0
347 1 0 0 0 0 0 0 0 0
348 1 0 0 0 0 0 0 0 0
351 1 0 0 1 0 0 0 0 0
352 1 1 1 1 0 0 0 0 0
353 1 0 0 0 0 0 0 0 0
356 1 0 0 0 0 0 0 0 0
357 1 0 0 0 0 0 0 0 0
358 1 0 0 0 0 0 0 0 0
364 1 0 0 0 0 0 0 0 0
365 1 0 0 0 0 0 0 0 0
366 1 0 0 0 0 0 0 0 0
367 1 0 0 0 0 0 0 0 0
368 1 0 0 0 0 0 0 0 0
369 1 0 0 0 0 0 0 0 0
1196 1 1 1 0 0 0 0 0 0
1197 1 0 0 1 0 0 0 0 0
1198 1 0 0 1 0 0 0 0 0
1199 1 0 0 0 0 0 0 0 0
1200 1 0 0 0 0 0 0 0 0
1202 1 0 0 0 0 0 0 0 0
1203 1 0 0 0 0 0 0 0 0
1204 1 0 0 0 0 0 0 0 0
1205 1 0 0 0 0 0 0 0 0
1206 1 0 0 0 0 0 0 0 0
1207 1 0 0 0 0 0 0 0 0
1208 1 0 0 0 0 0 0 0 0
1209 1 1 1 1 0 0 0 0 0
1213 1 0 0 0 0 0 0 0 0
1214 1 0 0 0 0 0 0 0 0
1215 1 0 0 0 0 0 0 0 0
1221 1 0 0 0 0 0 0 0 0
1222 1 0 0 0 0 0 0 0 0
1223 2 0 0 0 0 0 0 0 0
1227 1 0 0 0 0 0 0 0 0
1228 1 0 0 0 0 0 0 0 0
1231 1 0 0 1 0 0 0 0 0
1232 1 1 1 1 1 1 0 0 0
1233 1 0 0 0 0 0 0 0 0
1236 1 0 0 0 0 0 0 0 0
1237 1 0 0 0 0 0 0 0 0
1238 1 0 0 0 0 0 0 0 0
1244 1 0 0 0 0 0 0 0 0
1245 1 0 0 0 0 0 0 0 0
1246 1 0 0 0 0 0 0 0 0
1247 1 0 0 0 0 0 0 0 0
1248 1 0 0 0 0 0 0 0 0
1249 1 0 0 0 0 0 0 0 0
1571 1 1 1 0 0 0 0 0 0
1572 1 0 0 1 0 0 0 0 0
1573 1 0 0 1 0 0 0 0 0
1574 1 0 0 0 0 0 0 0 0
1575 1 0 0 0 0 0 0 0 0
1577 1 0 0 0 0 0 0 0 0
1578 1 0 0 0 0 0 0 0 0
1579 1 0 0 0 0 0 0 0 0
1580 1 0 0 0 0 0 0 0 0
1581 1 0 0 0 0 0 0 0 0
1582 1 0 0 0 0 0 0 0 0
1583 1 0 0 0 0 0 0 0 0
1584 1 1 1 1 0 0 0 0 0
1588 1 0 0 0 0 0 0 0 0
1589 1 0 0 0 0 0 0 0 0
1590 1 0 0 0 0 0 0 0 0
1596 1 0 0 0 0 0 0 0 0
1597 1 0 0 0 0 0 0 0 0
1598 2 0 0 0 0 0 0 0 0
1602 1 0 0 0 0 0 0 0 0
1603 1 0 0 0 0 0 0 0 0
1606 1 0 0 1 0 0 0 0 0
1607 1 1 1 1 0 0 0 0 0
1608 1 0 0 0 0 0 0 0 0
1611 1 0 0 0 0 0 0 0 0
1612 1 0 0 0 0 0 0 0 0
1613 1 0 0 0 0 0 0 0 0
1619 1 0 0 0 0 0 0 0 0
1620 1 0 0 0 0 0 0 0 0
1621 1 0 0 0 0 0 0 0 0
1622 1 0 0 0 0 0 0 0 0
1623 1 0 0 0 0 0 0 0 0
1624 1 0 0 0 0 0 0 0 0
1696 49 1 1 0 0 0 0 0 0
1697 49 0 0 49 7 1 0 0 0
1698 49 0 0 49 2 0 0 0 0
1699 49 0 0 0 0 0 0 0 0
1700 49 0 0 0 0 0 0 0 0
1702 49 0 0 0 0 0 0 0 0
1703 49 0 0 0 0 0 0 0 0
1704 49 0 0 0 0 0 0 0 0
1705 49 0 0 0 0 0 0 0 0
1706 49 0 0 0 0 0 0 0 0
1707 49 0 0 0 0 0 0 0 0
1708 49 0 0 0 0 0 0 0 0
1709 1 1 1 1 0 0 0 0 0
1713 1 0 0 0 0 0 0 0 0
1714 1 0 0 0 0 0 0 0 0
1715 1 0 0 0 0 0 0 0 0
1721 1 0 0 0 0 0 0 0 0
1722 1 0 0 0 0 0 0 0 0
1723 2 0 0 0 0 0 0 0 0
1727 1 0 0 0 0 0 0 0 0
1728 1 0 0 0 0 0 0 0 0
1731 1 0 0 1 0 0 0 0 0
1732 1 1 1 1 1 1 0 0 0
1733 1 0 0 0 0 0 0 0 0
1736 1 0 0 0 0 0 0 0 0
1737 1 0 0 0 0 0 0 0 0
1738 1 0 0 0 0 0 0 0 0
1744 1 0 0 0 0 0 0 0 0
1745 1 0 0 0 0 0 0 0 0
1746 1 0 0 0 0 0 0 0 0
1747 1 0 0 0 0 0 0 0 0
1748 1 0 0 0 0 0 0 0 0
1749 1 0 0 0 0 0 0 0 0
1821 4 1 1 0 0 0 0 0 0
1822 4 0 0 4 1 1 0 0 0
1823 4 0 0 4 0 0 0 0 0
1824 4 0 0 0 0 0 0 0 0
1825 4 0 0 0 0 0 0 0 0
1827 4 0 0 0 0 0 0 0 0
1828 4 0 0 0 0 0 0 0 0
1829 4 0 0 0 0 0 0 0 0
1830 4 0 0 0 0 0 0 0 0
1831 4 0 0 0 0 0 0 0 0
1832 4 0 0 0 0 0 0 0 0
1833 4 0 0 0 0 0 0 0 0
1834 3 1 1 3 0 0 0 0 0
1838 3 0 0 0 0 0 0 0 0
1839 3 0 0 0 0 0 0 0 0
1840 3 0 0 0 0 0 0 0 0
1846 3 0 0 0 0 0 0 0 0
1847 3 0 0 0 0 0 0 0 0
1848 6 0 0 0 0 0 0 0 0
1852 3 0 0 0 0 0 0 0 0
1853 3 0 0 0 0 0 0 0 0
1856 3 0 0 3 0 0 0 0 0
1857 3 1 1 3 0 0 0 0 0
1858 3 0 0 0 0 0 0 0 0
1861 3 0 0 0 0 0 0 0 0
1862 3 0 0 0 0 0 0 0 0
1863 3 0 0 0 0 0 0 0 0
1869 3 0 0 0 0 0 0 0 0
1870 3 0 0 0 0 0 0 0 0
1871 3 0 0 0 0 0 0 0 0
1872 3 0 0 0 0 0 0 0 0
1873 3 0 0 0 0 0 0 0 0
1874 3 0 0 0 0 0 0 0 0
1946 1 1 1 0 0 0 0 0 0
1947 1 0 0 1 1 0 0 0 0
1948 1 0 0 1 0 0 0 0 0
1949 1 0 0 0 0 0 0 0 0
1950 1 0 0 0 0 0 0 0 0
1952 1 0 0 0 0 0 0 0 0
1953 1 0 0 0 0 0 0 0 0
1954 1 0 0 0 0 0 0 0 0
1955 1 0 0 0 0 0 0 0 0
1956 1 0 0 0 0 0 0 0 0
1957 1 0 0 0 0 0 0 0 0
1958 1 0 0 0 0 0 0 0 0
1959 1 1 1 1 0 0 0 0 0
1963 1 0 0 0 0 0 0 0 0
1964 1 0 0 0 0 0 0 0 0
1965 1 0 0 0 0 0 0 0 0
1971 1 0 0 0 0 0 0 0 0
1972 1 0 0 0 0 0 0 0 0
1973 2 0 0 0 0 0 0 0 0
1977 1 0 0 0 0 0 0 0 0
1978 1 0 0 0 0 0 0 0 0
1981 1 0 0 1 0 0 0 0 0
1982 1 1 1 1 0 0 0 0 0
1983 1 0 0 0 0 0 0 0 0
1986 1 0 0 0 0 0 0 0 0
1987 1 0 0 0 0 0 0 0 0
1988 1 0 0 0 0 0 0 0 0
1994 1 0 0 0 0 0 0 0 0
1995 1 0 0 0 0 0 0 0 0
1996 1 0 0 0 0 0 0 0 0
1997 1 0 0 0 0 0 0 0 0
1998 1 0 0 0 0 0 0 0 0
1999 1 0 0 0 0 0 0 0 0
2071 11 1 1 0 0 0 0 0 0
2072 11 0 0 11 1 1 0 0 0
2073 11 0 0 11 2 0 0 0 0
2074 11 0 0 0 0 0 0 0 0
2075 11 0 0 0 0 0 0 0 0
2077 11 0 0 0 0 0 0 0 0
2078 11 0 0 0 0 0 0 0 0
2079 11 0 0 0 0 0 0 0 0
2080 11 0 0 0 0 0 0 0 0
2081 11 0 0 0 0 0 0 0 0
2082 11 0 0 0 0 0 0 0 0
2083 11 0 0 0 0 0 0 0 0
2085 11 1 1 11 0 0 0 0 0
2089 11 0 0 0 0 0 0 0 0
2090 11 0 0 0 0 0 0 0 0
2091 11 0 0 0 0 0 0 0 0
2097 11 0 0 0 0 0 0 0 0
2098 11 0 0 0 0 0 0 0 0
2100 22 0 0 0 0 0 0 0 0
2104 11 0 0 0 0 0 0 0 0
2105 11 0 0 0 0 0 0 0 0
2108 11 0 0 11 1 1 0 0 0
2109 11 1 1 11 0 0 0 0 0
2110 11 0 0 0 0 0 0 0 0
2113 11 0 0 0 0 0 0 0 0
2114 11 0 0 0 0 0 0 0 0
2115 11 0 0 0 0 0 0 0 0
2121 11 0 0 0 0 0 0 0 0
2122 11 0 0 0 0 0 0 0 0
2123 11 0 0 0 0 0 0 0 0
2124 11 0 0 0 0 0 0 0 0
2125 11 0 0 0 0 0 0 0 0
2126 11 0 0 0 0 0 0 0 0
2200 21 0 0 0 0 0 0 0 0
2202 71 0 0 0 0 0 0 0 0
2203 71 0 0 0 0 0 0 0 0
2204 71 0 0 0 0 0 0 0 0
2205 71 0 0 0 0 0 0 0 0
2206 46 0 0 0 0 0 0 0 0
2211 186 1 1 0 0 0 0 0 0
2217 186 0 0 186 0 0 0 0 0
2218 186 0 0 186 0 0 0 0 0
2226 186 0 0 0 0 0 0 0 0
2227 186 0 0 186 0 0 0 0 0
fl=/build/glibc-B9XfQf/glibc-2.28/string/../sysdeps/x86_64/strcspn.S
fn=strcspn
30 1 1 1 0 0 0 0 0 0
37 1 0 0 0 0 0 0 0 0
38 1 0 0 0 0 0 0 0 0
40 1 0 0 0 0 0 0 0 0
41 1 0 0 0 0 0 0 0 0
42 1 0 0 0 0 0 0 0 0
43 1 0 0 0 0 0 0 0 0
44 33 0 0 0 0 0 32 4 4
47 2 0 0 0 0 0 0 0 0
54 1 1 1 1 1 1 0 0 0
55 1 0 0 0 0 0 0 0 0
56 1 0 0 0 0 0 0 0 0
57 1 0 0 0 0 0 1 0 0
59 1 0 0 1 0 0 0 0 0
60 1 0 0 0 0 0 0 0 0
61 1 0 0 0 0 0 0 0 0
62 1 0 0 0 0 0 1 0 0
64 1 0 0 1 0 0 0 0 0
65 1 0 0 0 0 0 0 0 0
66 1 0 0 0 0 0 0 0 0
75 3 0 0 0 0 0 0 0 0
87 14 1 1 0 0 0 0 0 0
89 14 0 0 14 0 0 0 0 0
90 14 0 0 14 0 0 0 0 0
91 14 0 0 0 0 0 0 0 0
93 14 0 0 14 0 0 0 0 0
94 14 0 0 14 0 0 0 0 0
95 14 0 0 0 0 0 0 0 0
97 14 0 0 14 1 1 0 0 0
98 14 0 0 14 0 0 0 0 0
99 14 0 0 0 0 0 0 0 0
101 14 0 0 14 0 0 0 0 0
102 14 0 0 14 0 0 0 0 0
103 14 0 0 0 0 0 0 0 0
105 1 0 0 0 0 0 0 0 0
106 1 0 0 0 0 0 0 0 0
107 1 0 0 0 0 0 0 0 0
109 1 0 0 0 0 0 0 0 0
116 1 0 0 0 0 0 0 0 0
120 1 0 0 1 0 0 0 0 0
fl=/build/glibc-B9XfQf/glibc-2.28/string/strdup.c
fn=strdup
40 8 1 1 0 0 0 4 1 1
41 4 0 0 0 0 0 2 0 0
42 4 0 0 0 0 0 2 0 0
44 4 0 0 0 0 0 0 0 0
47 8 0 0 0 0 0 0 0 0
48 6 0 0 4 0 0 0 0 0
fl=/build/glibc-B9XfQf/glibc-2.28/time/../sysdeps/generic/dl-hash.h
fn=gettimeofday
43 1 0 0 0 0 0 0 0 0
44 1 0 0 0 0 0 0 0 0
45 13 0 0 4 0 0 0 0 0
48 12 1 1 0 0 0 0 0 0
62 16 0 0 0 0 0 0 0 0
67 1 0 0 0 0 0 0 0 0
fn=time
44 1 0 0 0 0 0 0 0 0
45 13 1 1 4 1 1 0 0 0
48 12 0 0 0 0 0 0 0 0
62 16 0 0 0 0 0 0 0 0
67 1 0 0 0 0 0 0 0 0
fl=/build/glibc-B9XfQf/glibc-2.28/time/../sysdeps/unix/sysv/linux/x86/gettimeofday.c
fn=gettimeofday
42 16 2 2 1 0 0 4 0 0
fl=/build/glibc-B9XfQf/glibc-2.28/time/../sysdeps/unix/sysv/linux/x86/time.c
fn=time
43 17 2 2 1 0 0 4 0 0
fl=/build/glibc-B9XfQf/glibc-2.28/wcsmbs/../sysdeps/x86_64/multiarch/ifunc-avx2.h
fn=wcschr
30 8 0 0 0 0 0 0 0 0
32 6 0 0 4 0 0 0 0 0
fn=wcscmp
30 5 0 0 1 0 0 0 0 0
32 3 2 2 2 0 0 0 0 0
fn=wcslen
30 4 0 0 0 0 0 0 0 0
32 3 1 1 2 0 0 0 0 0
fn=wmemchr
30 8 1 1 0 0 0 0 0 0
32 6 1 1 4 0 0 0 0 0
fl=/build/glibc-B9XfQf/glibc-2.28/wcsmbs/../sysdeps/x86_64/multiarch/ifunc-wmemset.h
fn=wmemset
30 6 0 0 0 0 0 0 0 0
32 8 1 1 4 0 0 0 0 0
34 8 1 1 0 0 0 0 0 0
35 2 0 0 0 0 0 0 0 0
fl=/build/glibc-B9XfQf/glibc-2.28/wcsmbs/../sysdeps/x86_64/multiarch/wcschr.c
fn=wcschr
31 2 0 0 2 0 0 0 0 0
fl=/build/glibc-B9XfQf/glibc-2.28/wcsmbs/../sysdeps/x86_64/multiarch/wcslen.c
fn=wcslen
29 1 0 0 1 0 0 0 0 0
fl=/build/glibc-B9XfQf/glibc-2.28/wcsmbs/../sysdeps/x86_64/multiarch/wcsnlen.c
fn=wcsnlen
38 3 0 0 0 0 0 0 0 0
40 3 1 1 2 0 0 0 0 0
49 1 1 1 1 0 0 0 0 0
fl=/build/glibc-B9XfQf/glibc-2.28/wcsmbs/../sysdeps/x86_64/multiarch/wmemchr.c
fn=wmemchr
31 2 0 0 2 0 0 0 0 0
fl=/build/glibc-B9XfQf/glibc-2.28/wcsmbs/../sysdeps/x86_64/multiarch/wmemset.c
fn=wmemset
31 2 0 0 2 0 0 0 0 0
fl=???
fn=???
0 163 17 17 89 7 0 15 2 2
fn=__libc_csu_init
0 33 3 3 8 0 0 8 0 0
fn=_start
0 11 1 1 2 0 0 3 0 0
fn=main
0 8589934606 1 1 3221225476 0 0 1073741828 0 0
fn=method_without_static_variables
0 16106127360 0 0 7516192768 0 0 4294967296 0 0
summary: 24696259577 885 879 10737464279 2509 2052 5368719792 629 577
